145649139.588500,145649191.922685,145649268.651148,145649268.670778,145649268.689630,145649268.711500,145649268.730963,145649268.748037,145649268.765334,145649269.678389,145649269.691685,145649276.036445,145654890.184404,0.000000,0.000000,0.000000
145654901.443126,145654943.563108,145655035.277830,145655035.297052,145655035.315182,145655035.335571,145655035.354626,145655035.370775,145655035.386830,145655036.340163,145655036.351626,145655042.712441,145655042.732478,0.000000,0.000000,0.000000
145655043.044423,145655061.806663,145655083.806904,145655083.825904,145655083.843774,145655083.862997,145655083.882589,145655083.900126,145655083.916219,145655084.814737,145655084.826923,145655091.418052,145655091.436978,0.000000,0.000000,0.000000
145655091.758089,145655110.233089,145655144.294941,145655144.314052,145655144.331571,145655144.351589,145655144.371349,145655144.387923,145655145.172126,145655146.180608,145655146.191700,145655152.433774,145655152.452478,0.000000,0.000000,0.000000
145655152.766478,145655171.115330,145655205.398423,145655205.417793,145655205.435923,145655205.455552,145655205.475441,145655205.492589,145655206.333904,145655207.342608,145655207.354515,145655213.683311,145655213.700256,0.000000,0.000000,0.000000
145655214.012386,145655232.462348,145655264.426034,145655264.445497,145655264.467848,145655264.488219,145655264.506293,145655265.902552,145655266.972793,145655267.981219,145655267.991663,145655274.326071,145655274.344034,0.000000,0.000000,0.000000
145655274.656237,145655292.888830,145655323.673311,145655323.758848,145655323.777756,145655323.798515,145655324.741071,145655326.412089,145655327.439348,145655328.448811,145655328.461385,145655334.766737,145655334.785774,0.000000,0.000000,0.000000
145655335.077441,145655353.457830,145655384.217348,145655384.236719,145655384.255237,145655384.274441,145655385.337497,145655386.953959,145655387.984015,145655389.031274,145655389.042348,145655395.317922,145655395.335719,0.000000,0.000000,0.000000
145655395.646922,145655414.051774,145655443.983904,145655444.005830,145655444.023589,145655444.736515,145655445.960293,145655447.629385,145655448.661385,145655449.668496,145655449.681626,145655455.960404,145655455.978848,0.000000,0.000000,0.000000
145655456.291163,145655474.799515,145655504.568293,145655504.586922,145655504.604552,145655505.486848,145655506.741885,145655508.363496,145655509.393163,145655510.407108,145655510.420145,145655516.676682,145655516.694608,0.000000,0.000000,0.000000
145655517.007385,145655535.215089,145655555.609552,145655555.628959,145655564.760533,145655565.987848,145655567.200626,145655568.821570,145655569.895682,145655570.907515,145655570.922774,145655577.174959,145655577.193367,0.000000,0.000000,0.000000
145655577.506645,145655596.066570,145655616.531533,145655616.551570,145655625.663163,145655626.836774,145655628.124774,145655629.887589,145655630.977811,145655631.994719,145655632.018663,145655639.729941,145655639.755293,0.000000,0.000000,0.000000
145655640.200663,145655662.904885,145655683.805145,145655683.835700,145655692.928719,145655694.246237,145655695.458478,145655697.561737,145655698.505015,145655699.525070,145655699.547941,145655707.452644,145655707.478330,0.000000,0.000000,0.000000
145655707.890385,145655732.725515,145655743.813682,145655743.841904,145655762.926348,145655764.175089,145655765.518237,145655767.231978,145655768.325219,145655769.354237,145655769.373459,145655777.233959,145655777.258422,0.000000,0.000000,0.000000
145655777.696533,145655799.986330,145655811.192385,145655811.219996,145655830.148626,145655831.391552,145655832.683663,145655834.447589,145655835.544089,145655836.574681,145655836.595774,145655844.428089,145655844.452070,0.000000,0.000000,0.000000
145655844.898663,145655867.196941,145655879.703515,145655879.731144,145655897.599589,145655898.959404,145655900.668293,145655902.456441,145655903.565496,145655904.616811,145655904.640404,145655912.645496,145655912.670811,0.000000,0.000000,0.000000
145655913.111922,145655935.265996,145655946.390200,145655946.417867,145655965.597052,145655966.882885,145655968.169830,145655969.891922,145655971.040200,145655972.069589,145655972.088626,145655979.816163,145655979.839792,0.000000,0.000000,0.000000
145655980.316033,145656002.441237,145656013.460329,145656013.489867,145656032.461589,145656033.709126,145656035.044885,145656036.786218,145656037.877626,145656038.911070,145656038.931107,145656046.774663,145656046.799015,0.000000,0.000000,0.000000
145656047.241348,145656069.417904,145656080.736996,145656080.766885,145656099.478478,145656100.711663,145656102.006700,145656103.764904,145656104.854904,145656105.883681,145656105.904922,145656113.751015,145656113.775644,0.000000,0.000000,0.000000
145656114.225237,145656135.243181,145656145.110829,145656145.672311,145656164.766959,145656165.972589,145656167.227792,145656168.860126,145656169.889274,145656170.888144,145656170.905422,145656177.203589,145656177.222811,0.000000,0.000000,0.000000
145656177.523033,145656202.617274,145656214.902940,145656214.922366,145656232.047348,145656233.256533,145656234.470996,145656236.132996,145656237.169589,145656238.182385,145656238.198626,145656244.479181,145656244.498126,0.000000,0.000000,0.000000
145656244.804329,145656268.236440,145656278.566218,145656279.399829,145656298.452477,145656299.684885,145656300.901255,145656302.520922,145656303.575718,145656304.574940,145656304.592329,145656310.894885,145656310.914163,0.000000,0.000000,0.000000
145656311.192366,145656335.274311,145656345.563755,145656345.638903,145656364.716570,145656365.913570,145656367.147403,145656368.790014,145656369.822218,145656370.822829,145656370.838903,145656377.136014,145656377.154255,0.000000,0.000000,0.000000
145656377.430255,145656396.545181,145656406.344774,145656406.971755,145656426.065051,145656427.266533,145656428.494126,145656430.133514,145656431.212311,145656432.206126,145656432.222014,145656438.510829,145656438.529329,0.000000,0.000000,0.000000
145656438.823329,145656457.360811,145656467.097255,145656467.767200,145656486.842922,145656488.037366,145656489.266422,145656490.951496,145656491.974126,145656492.980940,145656492.999329,145656499.341885,145656499.360292,0.000000,0.000000,0.000000
145656499.641829,145656518.741755,145656528.211181,145656529.252385,145656548.321996,145656549.548348,145656550.780514,145656552.405792,145656553.486385,145656554.498422,145656554.514570,145656560.778200,145656560.797125,0.000000,0.000000,0.000000
145656561.118977,145656579.578996,145656589.040662,145656590.045922,145656609.094625,145656610.315829,145656611.527551,145656613.194274,145656614.223422,145656615.236866,145656615.253366,145656621.477477,145656621.495459,0.000000,0.000000,0.000000
145656621.857959,145656640.241737,145656649.686959,145656650.682885,145656669.771811,145656671.032107,145656672.245977,145656673.868459,145656674.903162,145656675.953014,145656675.969088,145656682.259588,145656682.278311,0.000000,0.000000,0.000000
145656682.580366,145656701.160681,145656710.510588,145656711.489514,145656730.543811,145656731.756366,145656732.954829,145656734.622218,145656735.658162,145656736.669940,145656736.687681,145656742.963292,145656742.982755,0.000000,0.000000,0.000000
145656743.298755,145656765.113236,145656774.623236,145656775.597348,145656794.731885,145656795.900773,145656797.121959,145656798.789977,145656799.808144,145656800.815773,145656800.833162,145656807.081699,145656807.101477,0.000000,0.000000,0.000000
145656807.396829,145656825.816514,145656835.232755,145656836.336033,145656855.519903,145656856.793218,145656858.116662,145656859.910903,145656861.051366,145656862.122403,145656862.144033,145656871.510959,145656871.536088,0.000000,0.000000,0.000000
145656871.969403,145656895.378885,145656905.536681,145656906.572996,145656925.742329,145656926.975996,145656928.321829,145656930.164718,145656931.286459,145656932.308755,145656932.328977,145656940.798773,145656940.826718,0.000000,0.000000,0.000000
145656941.261625,145656963.429477,145656973.326625,145656974.396477,145656993.576959,145656994.808736,145656996.077273,145656997.826903,145656998.974681,145656999.981662,145657000.066366,145657007.872514,145657007.893644,0.000000,0.000000,0.000000
145657008.335847,145657030.567570,145657040.427699,145657041.457181,145657060.500607,145657061.696921,145657062.958440,145657064.578421,145657065.610162,145657066.605866,145657066.622051,145657072.979162,145657072.998181,0.000000,0.000000,0.000000
145657073.289329,145657091.568107,145657100.942421,145657101.970310,145657121.016755,145657122.233625,145657123.447181,145657125.064347,145657126.141273,145657127.139921,145657127.154792,145657133.399329,145657133.418866,0.000000,0.000000,0.000000
145657133.704662,145657152.079921,145657161.519051,145657162.503570,145657181.578199,145657182.785014,145657184.004514,145657185.675662,145657186.706903,145657187.705570,145657187.720440,145657193.991273,145657194.010477,0.000000,0.000000,0.000000
145657194.334847,145657212.420107,145657221.813903,145657222.795403,145657241.879866,145657243.120347,145657244.346532,145657245.981329,145657247.018940,145657248.061644,145657248.077662,145657254.326940,145657254.344995,0.000000,0.000000,0.000000
145657254.645551,145657273.134755,145657282.557366,145657283.521681,145657302.585847,145657303.804181,145657305.017199,145657306.705273,145657307.749755,145657308.744718,145657308.760551,145657315.063273,145657315.082273,0.000000,0.000000,0.000000
145657315.359421,145657338.033606,145657347.432236,145657348.425755,145657367.476810,145657368.695995,145657369.907421,145657371.569903,145657372.606384,145657373.618143,145657373.634606,145657379.885940,145657379.904384,0.000000,0.000000,0.000000
145657380.258977,145657398.655051,145657408.025292,145657409.018143,145657428.079403,145657429.341792,145657430.567958,145657432.191643,145657433.214662,145657434.265532,145657434.280958,145657440.600255,145657440.619218,0.000000,0.000000,0.000000
145657440.912143,145657459.307662,145657468.679551,145657469.659847,145657488.715255,145657489.941125,145657491.158995,145657492.832217,145657493.867903,145657494.880310,145657494.894736,145657501.120051,145657501.138847,0.000000,0.000000,0.000000
145657501.419384,145657519.995403,145657529.413403,145657530.408662,145657549.479940,145657550.710088,145657551.969921,145657553.592032,145657554.625903,145657555.637329,145657555.652921,145657561.969366,145657561.988458,0.000000,0.000000,0.000000
145657562.265884,145657580.806643,145657590.263384,145657591.279236,145657610.371199,145657611.598884,145657612.814754,145657614.437903,145657615.514699,145657616.525291,145657616.541403,145657622.827421,145657622.845069,0.000000,0.000000,0.000000
145657623.132088,145657641.697069,145657651.022106,145657652.011162,145657671.060254,145657672.306699,145657673.518514,145657675.176828,145657676.210347,145657677.222532,145657677.238514,145657683.544328,145657683.563643,0.000000,0.000000,0.000000
145657683.842421,145657702.429310,145657711.902162,145657712.930477,145657731.963421,145657733.221625,145657734.444662,145657736.072106,145657737.114291,145657738.170384,145657738.187458,145657744.762791,145657744.782699,0.000000,0.000000,0.000000
145657745.103532,145657768.626440,145657778.751606,145657779.820736,145657799.016328,145657800.252884,145657801.653365,145657803.481291,145657804.587551,145657805.630347,145657805.654088,145657814.502569,145657814.526865,0.000000,0.000000,0.000000
145657815.016477,145657838.281754,145657848.436291,145657849.516384,145657868.600884,145657870.062828,145657871.381347,145657873.303180,145657874.383088,145657875.394384,145657875.413162,145657881.727291,145657881.745939,0.000000,0.000000,0.000000
145657882.048977,145657900.608421,145657909.964902,145657911.129514,145657930.199328,145657931.547958,145657932.795514,145657934.474236,145657935.511791,145657936.523199,145657936.538828,145657942.883532,145657942.902865,0.000000,0.000000,0.000000
145657943.221032,145657961.491106,145657970.839236,145657971.840180,145657990.900236,145657992.169551,145657993.397051,145657995.033143,145657996.069088,145657997.127958,145657997.142513,145658003.416217,145658003.435402,0.000000,0.000000,0.000000
145658003.751921,145658022.736365,145658032.110458,145658033.084606,145658052.148439,145658053.379495,145658054.600995,145658056.276995,145658057.310365,145658058.321606,145658058.336884,145658064.653013,145658064.672439,0.000000,0.000000,0.000000
145658064.987458,145658084.281217,145658093.708106,145658094.730291,145658113.766236,145658115.009217,145658116.218439,145658117.834236,145658118.879125,145658119.930013,145658119.947476,145658126.249736,145658126.268402,0.000000,0.000000,0.000000
145658126.593125,145658146.618106,145658156.197050,145658157.151865,145658176.277680,145658177.498310,145658178.735439,145658180.364347,145658181.392347,145658182.389087,145658182.404828,145658188.673606,145658188.692921,0.000000,0.000000,0.000000
145658188.995699,145658208.325902,145658217.831050,145658218.813199,145658237.865106,145658239.072050,145658240.282273,145658241.960532,145658242.987958,145658243.987717,145658244.001661,145658250.252624,145658250.270513,0.000000,0.000000,0.000000
145658250.563328,145658270.158476,145658279.589310,145658280.609717,145658299.671643,145658300.925143,145658302.130865,145658303.742106,145658304.770106,145658305.810236,145658305.825421,145658312.229550,145658312.248254,0.000000,0.000000,0.000000
145658312.540550,145658331.820643,145658341.240939,145658342.220624,145658361.283087,145658362.490106,145658363.738643,145658365.355624,145658366.367328,145658367.365921,145658367.381384,145658373.760773,145658373.779439,0.000000,0.000000,0.000000
145658374.066495,145658393.772921,145658403.171773,145658404.158606,145658423.215661,145658424.421550,145658425.634606,145658427.307865,145658428.337439,145658429.337254,145658429.353291,145658435.640198,145658435.658791,0.000000,0.000000,0.000000
145658435.951402,145658455.544624,145658465.131624,145658466.067810,145658485.162865,145658486.371958,145658487.584402,145658489.208976,145658490.237513,145658491.276865,145658491.293087,145658497.544421,145658497.563347,0.000000,0.000000,0.000000
145658497.857643,145658517.649995,145658527.206365,145658528.157643,145658547.218958,145658548.419254,145658549.648087,145658551.267180,145658552.293976,145658553.294143,145658553.309680,145658559.605550,145658559.623995,0.000000,0.000000,0.000000
145658559.973532,145658585.740309,145658595.950328,145658597.104661,145658616.259383,145658617.482087,145658618.827791,145658620.601754,145658621.728346,145658622.742976,145658622.763754,145658631.161995,145658631.187346,0.000000,0.000000,0.000000
145658631.677124,145658657.673902,145658667.485272,145658668.459958,145658687.540383,145658688.739032,145658689.951902,145658691.618013,145658692.647976,145658693.646828,145658693.662569,145658699.870587,145658699.889624,0.000000,0.000000,0.000000
145658700.236643,145658719.621698,145658729.046846,145658730.075550,145658749.076439,145658750.326346,145658751.541272,145658753.166013,145658754.191198,145658755.233050,145658755.249550,145658761.549439,145658761.568439,0.000000,0.000000,0.000000
145658761.884624,145658781.883328,145658791.324920,145658792.275365,145658811.320309,145658812.528106,145658813.739476,145658815.402920,145658816.417939,145658817.418291,145658817.433328,145658823.792791,145658823.809420,0.000000,0.000000,0.000000
145658824.124550,145658843.629198,145658853.050513,145658854.027735,145658873.255513,145658874.501828,145658876.011476,145658877.672069,145658878.703550,145658879.701494,145658879.718902,145658885.949513,145658885.967865,0.000000,0.000000,0.000000
145658886.278476,145658906.049531,145658915.514087,145658916.483717,145658935.583587,145658936.824013,145658938.053883,145658939.713346,145658940.741624,145658941.781698,145658941.798735,145658948.089476,145658948.109624,0.000000,0.000000,0.000000
145658948.430106,145658967.117439,145658976.635939,145658977.584791,145658996.675883,145658997.892365,145658999.102772,145659000.803791,145659001.826624,145659002.834105,145659002.850143,145659009.194994,145659009.293328,0.000000,0.000000,0.000000
145659009.684105,145659029.015420,145659038.598809,145659039.631494,145659058.737587,145659059.976254,145659061.237272,145659062.929180,145659064.030754,145659065.047124,145659065.067605,145659072.977383,145659073.016124,0.000000,0.000000,0.000000
145659073.457587,145659094.065124,145659103.491198,145659104.460328,145659123.554439,145659124.735883,145659125.952735,145659127.621902,145659128.651902,145659129.653531,145659129.670068,145659135.903142,145659135.922920,0.000000,0.000000,0.000000
145659136.237754,145659155.716568,145659165.233920,145659166.238272,145659185.292828,145659186.546772,145659187.759457,145659189.386939,145659190.415383,145659191.456161,145659191.471846,145659197.721624,145659197.740328,0.000000,0.000000,0.000000
145659198.052216,145659216.458087,145659225.907791,145659226.866161,145659245.895679,145659247.107513,145659248.316698,145659249.955439,145659250.989846,145659251.989031,145659252.003865,145659258.252791,145659258.271883,0.000000,0.000000,0.000000
145659258.587772,145659277.195587,145659286.593605,145659287.728013,145659306.636142,145659307.848365,145659309.107439,145659310.722457,145659311.749272,145659312.751902,145659312.768124,145659319.024068,145659319.042772,0.000000,0.000000,0.000000
145659319.358624,145659338.576142,145659347.965605,145659348.943383,145659368.029957,145659369.267365,145659370.570068,145659372.352124,145659373.441494,145659374.472105,145659374.493902,145659382.307068,145659382.330494,0.000000,0.000000,0.000000
145659382.736253,145659405.496624,145659415.367976,145659416.424624,145659435.580272,145659436.793642,145659438.077976,145659439.797124,145659440.934068,145659441.946272,145659441.967105,145659449.655309,145659449.680124,0.000000,0.000000,0.000000
145659450.221809,145659472.339420,145659482.262957,145659483.279698,145659502.418883,145659503.640587,145659504.953068,145659506.677587,145659507.766439,145659508.823476,145659508.844179,145659516.620698,145659516.645346,0.000000,0.000000,0.000000
145659517.081068,145659539.377550,145659549.312661,145659550.365642,145659569.506753,145659570.721124,145659571.994272,145659573.758198,145659574.842679,145659575.854290,145659575.873994,145659583.675105,145659583.699901,0.000000,0.000000,0.000000
145659584.149568,145659613.051309,145659623.301513,145659624.066605,145659643.287198,145659644.508475,145659645.834679,145659647.552235,145659648.637142,145659649.642957,145659649.666420,145659657.554272,145659657.581587,0.000000,0.000000,0.000000
145659658.030679,145659682.469179,145659692.027457,145659692.996012,145659712.168161,145659713.366364,145659714.622198,145659716.227772,145659717.255512,145659718.254383,145659718.270790,145659724.583216,145659724.601994,0.000000,0.000000,0.000000
145659724.916198,145659745.732827,145659755.118661,145659756.122216,145659775.198457,145659776.432679,145659777.650975,145659779.334975,145659780.378216,145659781.405735,145659781.430605,145659787.921605,145659787.939809,0.000000,0.000000,0.000000
145659788.231846,145659807.241049,145659816.779512,145659817.816938,145659836.898661,145659838.128698,145659839.351142,145659840.999494,145659842.075235,145659843.091549,145659843.108179,145659849.399401,145659849.417531,0.000000,0.000000,0.000000
145659849.663142,145659869.158920,145659878.543605,145659879.542827,145659898.608957,145659899.827605,145659901.138994,145659902.761809,145659903.783531,145659904.798031,145659904.815475,145659911.153068,145659911.171512,0.000000,0.000000,0.000000
145659911.456698,145659930.833623,145659940.240068,145659941.277642,145659960.305457,145659961.665383,145659963.037809,145659964.651605,145659965.692994,145659966.708549,145659966.725049,145659973.015105,145659973.034438,0.000000,0.000000,0.000000
145659973.379772,145659992.186846,145660001.536179,145660002.518901,145660021.665920,145660022.927605,145660024.144735,145660025.851957,145660027.013197,145660028.021309,145660028.038772,145660034.549197,145660034.568012,0.000000,0.000000,0.000000
145660034.851272,145660053.543957,145660062.975697,145660063.968494,145660083.018512,145660084.238234,145660085.456883,145660087.138049,145660088.184105,145660089.197475,145660089.214012,145660095.621420,145660095.640809,0.000000,0.000000,0.000000
145660095.951086,145660114.069012,145660123.399383,145660124.403790,145660143.450568,145660144.671346,145660146.061457,145660147.699642,145660148.749012,145660149.804753,145660149.820049,145660156.113586,145660156.132531,0.000000,0.000000,0.000000
145660156.436364,145660174.619679,145660183.980420,145660184.969679,145660204.128920,145660205.352549,145660206.573475,145660208.209994,145660209.296771,145660210.310438,145660210.327494,145660216.937753,145660217.023994,0.000000,0.000000,0.000000
145660217.306920,145660239.212512,145660248.634864,145660249.592864,145660268.648568,145660269.849420,145660271.070494,145660272.732271,145660273.766883,145660274.768660,145660274.785771,145660281.044883,145660281.064586,0.000000,0.000000,0.000000
145660281.383864,145660300.290049,145660309.767531,145660310.742197,145660329.851734,145660331.081901,145660332.300420,145660333.909808,145660334.939716,145660335.976790,145660335.993438,145660342.256401,145660342.275568,0.000000,0.000000,0.000000
145660342.603382,145660361.198697,145660370.672808,145660371.737049,145660390.810919,145660392.036919,145660393.356197,145660395.216975,145660396.309512,145660397.328975,145660397.352919,145660405.640419,145660405.666845,0.000000,0.000000,0.000000
145660406.148938,145660430.433105,145660440.475253,145660441.642901,145660460.802994,145660462.258845,145660463.605271,145660465.280660,145660466.339012,145660467.378845,145660467.402827,145660475.789938,145660475.816938,0.000000,0.000000,0.000000
145660476.285364,145660501.005919,145660511.197882,145660512.310179,145660531.490456,145660532.716956,145660534.021771,145660535.794864,145660536.960105,145660537.979605,145660538.000938,145660546.394364,145660546.422290,0.000000,0.000000,0.000000
145660546.908475,145660570.763975,145660580.801253,145660581.786660,145660600.860975,145660602.062308,145660603.293493,145660604.957419,145660605.988123,145660606.988530,145660607.004493,145660613.292901,145660613.311327,0.000000,0.000000,0.000000
145660613.647586,145660631.948864,145660641.366142,145660642.341845,145660661.416382,145660662.629753,145660663.885642,145660665.508253,145660666.525845,145660667.523623,145660667.539401,145660673.895901,145660673.916493,0.000000,0.000000,0.000000
145660674.234234,145660693.280142,145660702.725086,145660703.708104,145660722.745104,145660723.960623,145660725.174512,145660726.797827,145660727.875327,145660728.875141,145660728.890882,145660735.122160,145660735.140827,0.000000,0.000000,0.000000
145660735.453938,145660753.845512,145660763.270012,145660764.229956,145660783.323771,145660784.542401,145660785.762975,145660787.433049,145660788.460327,145660789.461586,145660789.478049,145660795.876308,145660795.894419,0.000000,0.000000,0.000000
145660796.210586,145660814.762827,145660824.152216,145660825.173697,145660844.226919,145660845.497215,145660846.740753,145660848.347938,145660849.368753,145660850.414734,145660850.431697,145660856.707401,145660856.727327,0.000000,0.000000,0.000000
145660857.084660,145660877.732308,145660887.095790,145660888.089104,145660907.166549,145660908.418456,145660909.639641,145660911.280864,145660912.314252,145660913.363308,145660913.381197,145660919.592678,145660919.611549,0.000000,0.000000,0.000000
145660919.900382,145660939.197586,145660948.561252,145660949.550382,145660968.599438,145660969.826752,145660971.047289,145660972.711289,145660973.744938,145660974.757827,145660974.773012,145660981.040512,145660981.060049,0.000000,0.000000,0.000000
145660981.341715,145661000.288845,145661009.679864,145661010.671271,145661029.781956,145661031.043364,145661032.273197,145661033.896549,145661034.933197,145661035.984271,145661036.001030,145661042.308215,145661042.326734,0.000000,0.000000,0.000000
145661042.610789,145661061.790160,145661071.113234,145661072.104752,145661091.145049,145661092.366567,145661093.584715,145661095.248641,145661096.281882,145661097.293234,145661097.307660,145661103.557234,145661103.576123,0.000000,0.000000,0.000000
145661103.857215,145661122.895067,145661132.281512,145661133.314363,145661152.316363,145661153.569382,145661154.785586,145661156.405771,145661157.441660,145661158.496567,145661158.512678,145661164.779067,145661164.798308,0.000000,0.000000,0.000000
145661165.079641,145661184.479012,145661193.822141,145661194.800438,145661213.829141,145661215.059438,145661216.256660,145661217.919845,145661218.952697,145661219.965586,145661219.981271,145661226.314419,145661226.331919,0.000000,0.000000,0.000000
145661226.611697,145661246.093049,145661255.510845,145661256.548549,145661275.683993,145661276.838363,145661278.064937,145661279.701308,145661280.790012,145661281.817067,145661281.832974,145661288.044215,145661288.063049,0.000000,0.000000,0.000000
145661288.394882,145661311.410678,145661321.198474,145661322.244715,145661341.327567,145661342.573715,145661343.894289,145661345.616419,145661346.714104,145661347.749086,145661347.767141,145661355.561623,145661355.585363,0.000000,0.000000,0.000000
145661355.980530,145661378.617845,145661388.437993,145661389.442067,145661408.428808,145661409.655604,145661410.871863,145661412.538678,145661413.568567,145661414.574882,145661414.588956,145661420.841863,145661420.858400,0.000000,0.000000,0.000000
145661421.165160,145661442.055326,145661451.271697,145661452.298437,145661471.275993,145661472.553271,145661473.782289,145661475.403530,145661476.484789,145661477.493474,145661477.507141,145661483.777363,145661483.793882,0.000000,0.000000,0.000000
145661484.053604,145661503.279474,145661512.602493,145661513.586993,145661532.487734,145661533.810474,145661535.066104,145661536.733122,145661537.766141,145661538.777789,145661538.788771,145661545.121604,145661545.139974,0.000000,0.000000,0.000000
145661545.414493,145661564.561326,145661573.828085,145661574.815919,145661593.586289,145661594.963104,145661596.174530,145661597.904641,145661598.977974,145661599.987900,145661600.019326,145661606.266604,145661606.285178,0.000000,0.000000,0.000000
145661606.555567,145661626.438956,145661635.713937,145661636.697419,145661655.326900,145661658.310882,145661658.344159,145661659.942048,145661660.983937,145661662.036493,145661662.053252,145661668.261400,145661668.277919,0.000000,0.000000,0.000000
145661668.572122,145661691.745437,145661701.030456,145661702.018511,145661720.651271,145661722.068882,145661723.287363,145661725.053548,145661726.132808,145661727.159159,145661727.169308,145661733.428178,145661733.614919,0.000000,0.000000,0.000000
145661733.917567,145661754.763382,145661764.689159,145661765.460271,145661784.765196,145661786.604696,145661788.352511,145661790.248289,145661796.650141,145661797.673456,145661797.691530,145661808.484159,145661808.588622,0.000000,0.000000,0.000000
145661808.962215,145661834.398956,145661844.242863,145661845.745548,145661865.017678,145661872.084585,145661873.482622,145661875.341011,145661880.967326,145661885.570085,145661885.587919,145661891.918641,145661891.953474,0.000000,0.000000,0.000000
145661892.322919,145661925.454141,145661938.397882,145661944.162789,145661966.246604,145661967.992900,145661969.507048,145661971.403307,145661972.437511,145661973.471678,145661973.488159,145661979.739048,145661979.819937,0.000000,0.000000,0.000000
145661980.174400,145662000.363067,145662010.369159,145662011.857011,145662031.178085,145662038.443956,145662039.867900,145662041.992511,145662047.771418,145662052.429974,145662052.446437,145662058.744511,145662058.777567,0.000000,0.000000,0.000000
145662059.104326,145662083.637474,145662093.644511,145662095.324122,145662114.858974,145662124.475067,145662126.085770,145662128.576696,145662136.659455,145662143.172400,145662143.193493,145662151.545159,145662151.749363,0.000000,0.000000,0.000000
145662152.211622,145662178.953937,145662189.546215,145662190.709511,145662210.066844,145662212.222789,145662213.924326,145662223.910826,145662225.316770,145662226.478437,145662226.508696,145662240.520696,145662240.692715,0.000000,0.000000,0.000000
145662241.124196,145662265.651548,145662276.052474,145662277.182548,145662297.004826,145662299.047233,145662307.626715,145662310.356270,145662311.416881,145662318.774863,145662318.811048,145662329.242937,145662329.449344,0.000000,0.000000,0.000000
145662329.875178,145662356.663789,145662367.028585,145662368.810270,145662388.548122,145662397.351233,145662398.861881,145662401.164789,145662408.442363,145662414.411196,145662414.433826,145662422.371103,145662422.553381,0.000000,0.000000,0.000000
145662422.961252,145662449.939640,145662460.482696,145662462.348159,145662481.962992,145662490.690289,145662492.212326,145662494.601159,145662501.934881,145662507.930566,145662507.949677,145662515.787677,145662515.832585,0.000000,0.000000,0.000000
145662516.353326,145662541.266659,145662551.764252,145662552.872511,145662572.265085,145662574.475437,145662576.170844,145662586.049103,145662587.433937,145662588.708918,145662588.742789,145662602.603696,145662602.652733,0.000000,0.000000,0.000000
145662603.186214,145662632.286807,145662643.291900,145662644.811548,145662664.912418,145662673.593566,145662675.132863,145662677.448270,145662684.815622,145662690.848307,145662690.868770,145662698.627066,145662698.833437,0.000000,0.000000,0.000000
145662699.255974,145662725.836863,145662736.516307,145662738.064974,145662758.449288,145662767.915844,145662769.512177,145662771.895233,145662779.900640,145662786.464918,145662786.487455,145662794.958474,145662795.012900,0.000000,0.000000,0.000000
145662795.553825,145662832.244751,145662842.917992,145662844.386511,145662877.309455,145662883.646511,145662884.967937,145662887.101325,145662888.269362,145662889.359825,145662889.380937,145662897.213881,145662897.266974,0.000000,0.000000,0.000000
145662897.675603,145662922.033085,145662932.404807,145662933.476511,145662953.103159,145662955.439196,145662957.614325,145662967.166511,145662968.730862,145662969.916603,145662969.947214,145662983.594122,145662983.642566,0.000000,0.000000,0.000000
145662984.793251,145663007.816677,145663017.699548,145663018.773492,145663038.496603,145663040.381622,145663047.233344,145663049.356825,145663050.436270,145663056.289751,145663056.362399,145663064.324825,145663064.361659,0.000000,0.000000,0.000000
145663064.660085,145663084.988807,145663094.604085,145663096.041696,145663115.175047,145663117.109455,145663118.674585,145663126.373177,145663127.550233,145663128.659973,145663128.681085,145663139.011640,145663139.144603,0.000000,0.000000,0.000000
145663139.434547,145663162.875862,145663172.817214,145663174.372918,145663193.627992,145663200.869288,145663202.185714,145663204.136455,145663209.828177,145663214.505362,145663214.522751,145663220.810251,145663220.844344,0.000000,0.000000,0.000000
145663221.139455,145663243.163010,145663253.056825,145663254.566233,145663273.834010,145663280.971603,145663282.392084,145663284.332844,145663290.052640,145663294.707362,145663294.724547,145663300.953270,145663301.037307,0.000000,0.000000,0.000000
145663301.339362,145663322.869936,145663332.689714,145663333.829436,145663353.065881,145663354.922492,145663356.493214,145663364.010436,145663365.228973,145663366.371418,145663366.396584,145663376.643714,145663376.923881,0.000000,0.000000,0.000000
145663377.220436,145663397.828177,145663407.792807,145663409.357140,145663428.816455,145663435.836862,145663437.195140,145663439.185621,145663444.888677,145663449.529121,145663449.543844,145663455.927362,145663456.171992,0.000000,0.000000,0.000000
145663456.465955,145663477.043084,145663487.143658,145663488.707807,145663508.250418,145663515.197455,145663516.620473,145663518.700547,145663524.381973,145663529.036844,145663529.054455,145663535.284732,145663535.322269,0.000000,0.000000,0.000000
145663535.596418,145663556.201010,145663566.168695,145663567.702251,145663587.228695,145663594.238288,145663595.661806,145663597.646084,145663603.433492,145663608.049195,145663608.065640,145663614.381251,145663614.416658,0.000000,0.000000,0.000000
145663614.690269,145663635.170492,145663645.175473,145663646.677862,145663666.294510,145663673.284269,145663674.635992,145663676.575566,145663682.268547,145663686.943529,145663686.960843,145663693.300158,145663693.337084,0.000000,0.000000,0.000000
145663693.606566,145663716.660806,145663727.420806,145663729.344047,145663749.416029,145663758.777992,145663760.398603,145663762.646769,145663770.687103,145663777.211232,145663777.235103,145663785.568325,145663785.625917,0.000000,0.000000,0.000000
145663786.058047,145663811.255714,145663821.787547,145663823.572121,145663843.522991,145663852.110214,145663853.624084,145663855.720584,145663862.984380,145663869.033140,145663869.057214,145663876.820343,145663876.867473,0.000000,0.000000,0.000000
145663877.250880,145663901.480640,145663912.093528,145663913.563214,145663933.395899,145663940.248177,145663942.169454,145663944.225028,145663945.353195,145663950.975158,145663951.000417,145663958.929473,145663958.965399,0.000000,0.000000,0.000000
145663960.266121,145663980.233825,145663990.280491,145663991.243695,145664010.816103,145664012.539288,145664014.067677,145664021.502732,145664022.689843,145664023.800769,145664023.828473,145664034.172954,145664034.208436,0.000000,0.000000,0.000000
145664034.540602,145664062.322714,145664072.480232,145664073.814936,145664093.702269,145664100.633880,145664101.964843,145664103.855325,145664109.469028,145664114.073010,145664114.089806,145664120.378084,145664120.412936,0.000000,0.000000,0.000000
145664120.727047,145664142.869176,145664152.754676,145664154.099010,145664173.999843,145664180.774325,145664182.190028,145664184.113899,145664189.745306,145664194.335917,145664194.353195,145664200.604362,145664200.641751,0.000000,0.000000,0.000000
145664201.556917,145664227.293658,145664237.077658,145664243.540251,145664267.215565,145664272.072510,145664273.284269,145664275.026547,145664276.064158,145664277.121288,145664277.136639,145664283.356936,145664283.393176,0.000000,0.000000,0.000000
145664283.722843,145664315.040102,145664327.326287,145664333.014232,145664355.459787,145664356.773176,145664358.021269,145664359.746250,145664360.779010,145664361.832565,145664361.849250,145664368.101417,145664368.139787,0.000000,0.000000,0.000000
145664368.431010,145664388.655139,145664398.916565,145664399.907621,145664419.916232,145664426.731732,145664428.089973,145664429.919195,145664435.640491,145664440.170250,145664440.186769,145664446.481343,145664446.596436,0.000000,0.000000,0.000000
145664446.900158,145664474.143047,145664483.880084,145664485.215528,145664514.264250,145664519.047176,145664520.307324,145664522.000473,145664523.036843,145664524.076361,145664524.093028,145664530.416824,145664530.452787,0.000000,0.000000,0.000000
145664532.121343,145664562.556732,145664572.571306,145664578.123213,145664600.620935,145664601.927028,145664603.185732,145664604.873565,145664605.906750,145664606.925065,145664606.942102,145664613.250584,145664613.288195,0.000000,0.000000,0.000000
145664613.626417,145664638.722250,145664648.904972,145664649.970861,145664669.863102,145664671.969491,145664673.763287,145664683.991139,145664685.466695,145664686.778510,145664686.813898,145664702.140509,145664702.192454,0.000000,0.000000,0.000000
145664702.676195,145664725.019009,145664735.073861,145664736.553435,145664756.438232,145664763.194380,145664764.608787,145664766.446843,145664772.196880,145664776.770917,145664776.789398,145664783.089695,145664783.126232,0.000000,0.000000,0.000000
145664783.434324,145664804.516602,145664814.565454,145664816.263084,145664835.993121,145664842.774472,145664844.146676,145664845.994954,145664851.817750,145664856.386065,145664856.402065,145664862.767991,145664862.804121,0.000000,0.000000,0.000000
145664863.108954,145664886.720917,145664896.189972,145664897.557880,145664917.658695,145664924.486343,145664926.219787,145664928.170417,145664929.276954,145664935.008528,145664935.034472,145664943.061472,145664943.177435,0.000000,0.000000,0.000000
145664943.462658,145664975.751769,145664987.209898,145664992.865472,145665015.437269,145665016.711417,145665017.926120,145665019.640972,145665020.677620,145665021.719157,145665021.734991,145665027.987324,145665028.024157,0.000000,0.000000,0.000000
145665029.799287,145665050.981861,145665060.892417,145665062.213102,145665082.322287,145665089.033676,145665090.406546,145665092.281417,145665097.958954,145665102.633509,145665102.650454,145665108.900991,145665108.935972,0.000000,0.000000,0.000000
145665109.239917,145665129.541046,145665139.486194,145665141.020602,145665160.938380,145665167.765657,145665169.104046,145665170.990806,145665176.683454,145665181.282657,145665181.300231,145665187.511528,145665187.547583,0.000000,0.000000,0.000000
145665187.831380,145665208.139861,145665217.573731,145665218.585694,145665238.095676,145665239.895880,145665241.469954,145665248.904305,145665250.173861,145665251.319972,145665251.346065,145665261.474454,145665261.509750,0.000000,0.000000,0.000000
145665261.786954,145665282.497954,145665291.978102,145665293.055880,145665312.479435,145665314.222454,145665315.815657,145665323.493509,145665324.642250,145665325.731620,145665325.756231,145665336.169268,145665336.203509,0.000000,0.000000,0.000000
145665336.485102,145665357.417009,145665367.301028,145665368.469139,145665388.297083,145665389.899491,145665396.760565,145665398.704398,145665399.803639,145665405.626139,145665405.653361,145665413.607231,145665413.641972,0.000000,0.000000,0.000000
145665413.980546,145665441.049009,145665451.130713,145665452.163435,145665471.908250,145665473.573028,145665475.601046,145665477.808694,145665487.053065,145665488.236750,145665488.271824,145665506.126602,145665506.186953,0.000000,0.000000,0.000000
145665506.641250,145665539.153676,145665548.954546,145665550.147194,145665569.927213,145665571.563046,145665578.299139,145665580.247102,145665581.387157,145665587.080472,145665587.103268,145665595.102731,145665595.140027,0.000000,0.000000,0.000000
145665595.412898,145665618.429065,145665627.956361,145665629.271639,145665649.238805,145665655.950379,145665657.318824,145665659.120120,145665664.800213,145665669.343509,145665669.360472,145665675.725546,145665677.063157,0.000000,0.000000,0.000000
145665677.538398,145665699.655601,145665709.988676,145665711.678342,145665737.129324,145665743.700213,145665748.907268,145665751.094472,145665757.668527,145665758.734787,145665758.761305,145665769.856509,145665769.893305,0.000000,0.000000,0.000000
145665770.184527,145665792.192157,145665802.048546,145665803.051916,145665822.466361,145665824.065064,145665825.799509,145665833.236527,145665834.541935,145665835.633861,145665835.654990,145665845.794305,145665848.204842,0.000000,0.000000,0.000000
145665848.548250,145665869.880564,145665879.288601,145665880.369231,145665899.754527,145665901.190157,145665902.833712,145665905.066805,145665906.732583,145665908.412694,145665908.448564,145665922.612157,145665930.222342,0.000000,0.000000,0.000000
145665930.569546,145665962.087509,145665972.168305,145665973.659287,145665993.821787,145666001.275453,145666002.937583,145666005.091564,145666011.349046,145666016.335564,145666016.360361,145666023.326194,145666023.466453,0.000000,0.000000,0.000000
145666023.947046,145666045.281749,145666055.186527,145666056.424583,145666075.666157,145666076.970212,145666078.247731,145666080.057305,145666081.595731,145666083.453805,145666083.486138,145666093.134768,145666093.166490,0.000000,0.000000,0.000000
145666093.546453,145666122.678564,145666131.951564,145666132.925786,145666151.937472,145666153.192786,145666154.449657,145666156.079657,145666157.116083,145666158.138953,145666158.149527,145666164.489749,145666164.509342,0.000000,0.000000,0.000000
145666164.790768,145666183.852194,145666193.118009,145666194.105620,145666213.115527,145666214.359194,145666215.572786,145666217.199823,145666218.280212,145666219.307212,145666219.319842,145666225.584712,145666225.603490,0.000000,0.000000,0.000000
145666225.882823,145666245.182675,145666254.487694,145666255.473083,145666274.485842,145666275.728231,145666276.983101,145666278.628046,145666279.660953,145666280.682064,145666280.696527,145666286.957064,145666287.081768,0.000000,0.000000,0.000000
145666287.388916,145666308.499897,145666318.426860,145666319.737342,145666339.679823,145666346.403638,145666347.777860,145666349.650101,145666355.304231,145666359.829490,145666359.846379,145666366.102027,145666366.120897,0.000000,0.000000,0.000000
145666366.395879,145666385.542342,145666394.848934,145666395.837157,145666414.860212,145666416.102083,145666417.314916,145666418.999027,145666420.050749,145666421.060471,145666421.071008,145666427.320101,145666427.337323,0.000000,0.000000,0.000000
145666427.617879,145666446.861564,145666456.129860,145666457.120823,145666476.143657,145666477.449138,145666478.663008,145666480.310786,145666481.347008,145666482.400620,145666482.414694,145666488.636879,145666488.652120,0.000000,0.000000,0.000000
145666488.913434,145666508.183045,145666517.478212,145666518.467508,145666537.479453,145666538.729434,145666539.939953,145666541.619731,145666542.653379,145666543.669694,145666543.680657,145666549.891768,145666549.909897,0.000000,0.000000,0.000000
145666550.222971,145666569.362564,145666578.653008,145666579.685027,145666598.698823,145666599.968971,145666601.185712,145666602.814027,145666603.849601,145666604.912564,145666604.923879,145666611.194805,145666611.213101,0.000000,0.000000,0.000000
145666611.489379,145666630.584045,145666639.855897,145666640.845453,145666659.867638,145666661.108694,145666662.324138,145666663.992360,145666665.022527,145666666.031990,145666666.042582,145666672.300323,145666672.316675,0.000000,0.000000,0.000000
145666672.625212,145666691.730471,145666700.996601,145666702.026268,145666721.049638,145666722.310971,145666723.523082,145666725.143453,145666726.175416,145666727.233693,145666727.244027,145666733.467156,145666733.486101,0.000000,0.000000,0.000000
145666733.763582,145666752.838342,145666762.165360,145666763.157379,145666782.190230,145666783.438212,145666784.651619,145666786.318286,145666787.349786,145666788.362786,145666788.376545,145666794.705897,145666794.724138,0.000000,0.000000,0.000000
145666795.048805,145666814.254656,145666823.548416,145666824.580323,145666843.571471,145666844.847712,145666846.060138,145666847.683564,145666848.756027,145666849.764360,145666849.775953,145666856.052545,145666856.069138,0.000000,0.000000,0.000000
145666856.346675,145666876.148675,145666885.430434,145666886.415786,145666905.573879,145666906.878434,145666908.441045,145666910.075490,145666911.109619,145666912.122064,145666912.136397,145666918.394490,145666918.411842,0.000000,0.000000,0.000000
145666918.696249,145666939.337656,145666949.085360,145666950.119767,145666969.201730,145666970.462860,145666971.777545,145666973.487379,145666974.576453,145666975.609397,145666975.623675,145666983.357730,145666983.381971,0.000000,0.000000,0.000000
145666983.824360,145667006.547045,145667016.304341,145667017.345101,145667036.419008,145667037.680582,145667038.951693,145667040.740508,145667041.840767,145667042.882064,145667042.898175,145667050.641786,145667050.663175,0.000000,0.000000,0.000000
145667051.103212,145667073.899730,145667083.697119,145667084.736971,145667103.821712,145667105.092101,145667106.368786,145667108.133767,145667109.226971,145667110.266934,145667110.282378,145667117.998564,145667118.022953,0.000000,0.000000,0.000000
145667118.458341,145667139.894360,145667149.231323,145667150.215693,145667169.233138,145667170.474582,145667171.728267,145667173.357471,145667174.391027,145667175.401712,145667175.412045,145667181.732471,145667181.750230,0.000000,0.000000,0.000000
145667182.057045,145667201.187230,145667210.428249,145667211.462564,145667230.479175,145667231.727193,145667232.923434,145667234.557008,145667235.634434,145667236.656434,145667236.667175,145667243.196082,145667243.213323,0.000000,0.000000,0.000000
145667243.524508,145667262.681915,145667271.979823,145667272.966304,145667291.966508,145667293.216989,145667294.474508,145667296.096175,145667297.128767,145667298.140601,145667298.151749,145667304.484934,145667304.503526,0.000000,0.000000,0.000000
145667304.831138,145667323.888971,145667333.179286,145667334.168323,145667353.163397,145667354.417230,145667355.630934,145667357.264249,145667358.341675,145667359.358952,145667359.369656,145667365.647749,145667365.665323,0.000000,0.000000,0.000000
145667365.963193,145667385.004119,145667394.319100,145667395.305841,145667414.319008,145667415.568193,145667416.819823,145667418.465526,145667419.500619,145667420.520915,145667420.531675,145667426.829934,145667426.848175,0.000000,0.000000,0.000000
145667427.154360,145667446.457749,145667455.742267,145667456.729823,145667475.749786,145667476.996175,145667478.211749,145667479.862878,145667480.937100,145667481.955749,145667481.966637,145667488.178100,145667488.196230,0.000000,0.000000,0.000000
145667488.504341,145667507.606508,145667516.897508,145667517.883304,145667536.915619,145667538.165360,145667539.422286,145667541.081730,145667542.117823,145667543.135804,145667543.146545,145667549.409952,145667549.426971,0.000000,0.000000,0.000000
145667549.728823,145667568.953193,145667578.257952,145667579.243415,145667598.258526,145667599.498230,145667600.712434,145667602.384341,145667603.418230,145667604.439934,145667604.451100,145667610.711952,145667610.730804,0.000000,0.000000,0.000000
145667611.037137,145667630.104119,145667639.388119,145667640.375934,145667659.422619,145667660.669823,145667661.927026,145667663.556100,145667664.592489,145667665.610619,145667665.621915,145667671.921526,145667672.036989,0.000000,0.000000,0.000000
145667672.360397,145667693.302897,145667703.081637,145667704.403397,145667724.368637,145667731.155915,145667732.529360,145667734.449360,145667740.137397,145667744.726100,145667744.744174,145667751.005137,145667751.122637,0.000000,0.000000,0.000000
145667751.428674,145667772.089471,145667781.967100,145667783.453378,145667803.368211,145667810.102989,145667811.483119,145667813.328174,145667819.154082,145667823.741767,145667823.757637,145667830.048711,145667830.068026,0.000000,0.000000,0.000000
145667830.348008,145667853.697211,145667863.459693,145667864.632563,145667883.843396,145667885.216822,145667886.968748,145667888.701156,145667889.799008,145667890.816822,145667890.837045,145667898.643211,145667898.692545,0.000000,0.000000,0.000000
145667899.099359,145667926.568304,145667937.553378,145667939.010989,145667959.572304,145667967.947971,145667969.514878,145667971.550230,145667978.812822,145667984.820582,145667984.841952,145667992.707452,145667992.733822,0.000000,0.000000,0.000000
145667993.132989,145668025.181193,145668034.896989,145668035.939267,145668055.059619,145668056.330396,145668057.682248,145668059.476915,145668060.601896,145668061.651563,145668061.668674,145668069.927859,145668069.979915,0.000000,0.000000,0.000000
145668070.578396,145668097.508470,145668108.350489,145668109.932174,145668130.542174,145668139.708396,145668141.374600,145668143.491174,145668150.841656,145668156.753693,145668156.775822,145668164.694970,145668164.860674,0.000000,0.000000,0.000000
145668165.352137,145668192.572304,145668202.844063,145668204.361193,145668224.678433,145668233.088859,145668234.776785,145668236.828841,145668244.167767,145668250.082174,145668250.104081,145668257.858304,145668257.905452,0.000000,0.000000,0.000000
145668258.369859,145668287.757637,145668297.803230,145668299.414618,145668319.852378,145668328.246267,145668329.768933,145668331.858359,145668339.214396,145668345.105859,145668345.127341,145668352.923526,145668352.972637,0.000000,0.000000,0.000000
145668353.372878,145668378.336304,145668388.993952,145668390.612563,145668410.946100,145668419.261248,145668420.841063,145668422.870322,145668430.173933,145668436.214452,145668436.234229,145668444.193804,145668444.241748,0.000000,0.000000,0.000000
145668444.673692,145668482.337878,145668497.068100,145668504.456970,145668528.405118,145668529.671507,145668530.948674,145668532.701896,145668533.791396,145668534.834896,145668534.855396,145668542.681674,145668542.967692,0.000000,0.000000,0.000000
145668543.383026,145668569.164155,145668579.924285,145668581.545452,145668602.111507,145668611.277600,145668612.896878,145668615.064526,145668623.149100,145668629.624026,145668629.647933,145668638.094322,145668638.272137,0.000000,0.000000,0.000000
145668638.713137,145668671.153026,145668681.316581,145668683.203970,145668715.850192,145668721.962563,145668723.272544,145668725.018266,145668726.107544,145668727.156322,145668727.177822,145668734.953211,145668735.001285,0.000000,0.000000,0.000000
145668735.476340,145668759.908729,145668770.479303,145668772.001303,145668792.539414,145668800.996933,145668802.556063,145668804.602340,145668811.915766,145668817.804303,145668817.826433,145668825.672044,145668825.717840,0.000000,0.000000,0.000000
145668826.169581,145668868.404044,145668880.858414,145668888.102137,145668912.301488,145668913.745933,145668915.449803,145668917.156877,145668918.254433,145668919.342859,145668919.362433,145668927.133025,145668927.184248,0.000000,0.000000,0.000000
145668927.713303,145668951.118007,145668961.100063,145668962.416729,145668982.441859,145668989.185081,145668990.562377,145668992.420433,145668998.108285,145669002.783155,145669002.800062,145669009.051674,145669009.085618,0.000000,0.000000,0.000000
145669009.419285,145669030.193414,145669039.995248,145669041.364248,145669061.317674,145669068.025025,145669069.391081,145669071.257488,145669076.952359,145669081.564062,145669081.579062,145669088.075581,145669088.109729,0.000000,0.000000,0.000000
145669088.403525,145669108.943488,145669118.832914,145669120.235174,145669140.127248,145669146.870766,145669148.237488,145669150.085933,145669155.842322,145669160.444118,145669160.462470,145669166.674118,145669166.708451,0.000000,0.000000,0.000000
145669167.010822,145669187.826414,145669197.764822,145669199.208229,145669219.215673,145669225.968877,145669227.394970,145669229.201507,145669234.972859,145669239.556192,145669239.573673,145669245.872433,145669246.043618,0.000000,0.000000,0.000000
145669246.322044,145669275.599636,145669288.829155,145669294.480173,145669317.032322,145669318.287247,145669319.499859,145669321.185859,145669322.221359,145669323.244396,145669323.260970,145669329.510044,145669329.529618,0.000000,0.000000,0.000000
145669329.860118,145669348.932266,145669358.221322,145669359.252840,145669378.249396,145669379.552247,145669380.769488,145669382.411877,145669383.448729,145669384.484562,145669384.495284,145669390.808951,145669390.828007,0.000000,0.000000,0.000000
145669391.135988,145669410.258544,145669419.537729,145669420.523673,145669439.520747,145669440.788118,145669441.999470,145669443.697321,145669444.729414,145669445.748321,145669445.759896,145669452.071247,145669452.087581,0.000000,0.000000,0.000000
145669452.392896,145669471.435914,145669480.767581,145669481.796340,145669500.758433,145669502.064858,145669503.279247,145669504.922284,145669505.999340,145669507.023433,145669507.034229,145669513.300470,145669513.318896,0.000000,0.000000,0.000000
145669513.626284,145669532.669655,145669541.950877,145669542.934710,145669561.923803,145669563.182451,145669564.398895,145669566.090025,145669567.124766,145669568.149692,145669568.160284,145669574.470858,145669574.509729,0.000000,0.000000,0.000000
145669574.837821,145669595.789229,145669605.744784,145669607.088414,145669626.977970,145669633.790062,145669635.186525,145669637.028247,145669642.737451,145669647.361895,145669647.379303,145669654.508358,145669654.560062,0.000000,0.000000,0.000000
145669655.035747,145669680.764081,145669691.560173,145669693.192988,145669713.744358,145669722.922840,145669724.517988,145669726.715729,145669734.687544,145669741.250618,145669741.274710,145669749.500599,145669749.551766,0.000000,0.000000,0.000000
145669750.265099,145669774.946025,145669785.687044,145669787.242895,145669807.448858,145669815.947895,145669817.557062,145669819.851155,145669827.096043,145669833.031469,145669833.053636,145669840.885118,145669840.933877,0.000000,0.000000,0.000000
145669841.405340,145669866.329358,145669876.822192,145669879.100210,145669899.049321,145669907.554951,145669909.485914,145669911.675710,145669912.992655,145669920.291932,145669920.328043,145669930.774321,145669930.822617,0.000000,0.000000,0.000000
145669933.421988,145669960.118358,145669970.248321,145669971.783858,145669992.025080,145670000.513895,145670002.081821,145670004.144488,145670011.457525,145670017.323969,145670017.345599,145670025.195654,145670025.222229,0.000000,0.000000,0.000000
145670025.622210,145670049.311543,145670059.028525,145670060.063543,145670079.101191,145670080.397488,145670081.671803,145670083.417210,145670084.506395,145670085.544488,145670085.557710,145670093.427506,145670093.451303,0.000000,0.000000,0.000000
145670093.857673,145670116.593636,145670126.382062,145670127.462451,145670146.438728,145670147.779747,145670149.056840,145670150.806488,145670151.944506,145670152.989543,145670153.009617,145670161.323580,145670161.350691,0.000000,0.000000,0.000000
145670161.867210,145670186.032765,145670195.979265,145670197.027747,145670216.046488,145670217.347210,145670218.644228,145670220.489247,145670221.607654,145670222.652932,145670222.669136,145670231.030006,145670231.056358,0.000000,0.000000,0.000000
145670231.512599,145670255.373117,145670264.677506,145670265.660265,145670284.601691,145670285.870673,145670287.085321,145670288.785932,145670289.821302,145670290.840821,145670290.852080,145670297.095358,145670297.114284,0.000000,0.000000,0.000000
145670297.400710,145670316.418025,145670325.678969,145670326.662321,145670345.589062,145670346.885395,145670348.142654,145670349.760414,145670350.795858,145670351.815191,145670351.826025,145670358.116432,145670358.135395,0.000000,0.000000,0.000000
145670358.419080,145670377.450080,145670386.725099,145670387.707025,145670406.588599,145670407.878321,145670409.088765,145670410.738488,145670411.816414,145670412.828265,145670412.839099,145670419.043932,145670419.062025,0.000000,0.000000,0.000000
145670419.348210,145670438.723154,145670448.039117,145670449.025710,145670467.943599,145670469.251173,145670470.507802,145670472.166247,145670473.203673,145670474.215950,145670474.228358,145670480.535247,145670480.551376,0.000000,0.000000,0.000000
145670480.834691,145670499.831117,145670509.172043,145670510.154321,145670529.025691,145670530.323525,145670531.535969,145670533.193450,145670534.265617,145670535.277580,145670535.287636,145670541.574136,145670541.591599,0.000000,0.000000,0.000000
145670541.876432,145670560.988858,145670570.220117,145670571.201062,145670590.060043,145670591.370228,145670592.629228,145670594.307932,145670595.337099,145670596.351691,145670596.362617,145670602.667210,145670602.686617,0.000000,0.000000,0.000000
145670602.979821,145670622.024524,145670631.311876,145670632.291395,145670651.169858,145670652.472895,145670653.682599,145670655.347413,145670656.426358,145670657.438265,145670657.451191,145670663.740376,145670663.757080,0.000000,0.000000,0.000000
145670664.039487,145670683.243284,145670692.524339,145670693.506876,145670712.350932,145670713.676524,145670714.932710,145670716.596358,145670717.629154,145670718.638247,145670718.649117,145670724.974061,145670724.992191,0.000000,0.000000,0.000000
145670725.274228,145670744.291710,145670753.514154,145670754.538765,145670773.311617,145670774.627858,145670775.841950,145670777.499302,145670778.573376,145670779.582654,145670779.594191,145670785.856210,145670785.874654,0.000000,0.000000,0.000000
145670786.167858,145670805.204006,145670814.478821,145670815.461895,145670834.229302,145670835.572987,145670836.804561,145670838.481895,145670839.514654,145670840.526376,145670840.538728,145670846.958284,145670846.975080,0.000000,0.000000,0.000000
145670847.262358,145670866.931821,145670876.195728,145670877.176135,145670896.029728,145670897.434210,145670898.946876,145670900.666710,145670901.702284,145670902.722932,145670902.737228,145670908.984543,145670909.001450,0.000000,0.000000,0.000000
145670909.267821,145670928.559654,145670937.849839,145670938.831709,145670957.488561,145670958.837395,145670960.168080,145670961.888561,145670962.979987,145670963.995728,145670964.037321,145670971.727432,145670971.752469,0.000000,0.000000,0.000000
145670972.157654,145670995.431802,145671005.255913,145671006.289284,145671024.883858,145671026.291765,145671027.567654,145671029.326191,145671030.415858,145671031.428117,145671031.442821,145671039.194580,145671039.216987,0.000000,0.000000,0.000000
145671039.629395,145671062.608006,145671071.949395,145671072.930746,145671091.481265,145671092.881561,145671094.092617,145671095.762320,145671096.833691,145671097.833246,145671097.844246,145671104.070858,145671104.089672,0.000000,0.000000,0.000000
145671104.371413,145671123.571339,145671132.878709,145671133.856302,145671152.333617,145671153.716117,145671154.968302,145671156.626820,145671157.654969,145671158.683783,145671158.694024,145671165.046024,145671165.064172,0.000000,0.000000,0.000000
145671165.352617,145671184.440469,145671193.716024,145671194.738080,145671213.286487,145671214.710672,145671215.918117,145671217.539302,145671218.612839,145671219.611135,145671219.625043,145671225.932320,145671225.969543,0.000000,0.000000,0.000000
145671226.260580,145671247.523580,145671258.201617,145671259.541487,145671279.088783,145671285.919209,145671287.314191,145671289.133320,145671294.830080,145671299.421246,145671299.436839,145671305.777024,145671305.796543,0.000000,0.000000,0.000000
145671306.066283,145671325.325413,145671334.610561,145671335.597728,145671354.378820,145671355.700154,145671356.913561,145671358.598691,145671359.630839,145671360.682228,145671360.692802,145671366.902246,145671366.921524,0.000000,0.000000,0.000000
145671367.193061,145671386.280913,145671395.565635,145671396.550172,145671415.500709,145671416.801931,145671418.013783,145671419.682894,145671420.713357,145671421.722005,145671421.732024,145671427.982357,145671428.000543,0.000000,0.000000,0.000000
145671428.269802,145671447.565357,145671456.836043,145671457.821265,145671476.863450,145671478.126172,145671479.338394,145671480.982191,145671482.017894,145671483.065746,145671483.078950,145671489.326561,145671489.342505,0.000000,0.000000,0.000000
145671489.605283,145671508.676135,145671517.967802,145671518.951820,145671537.751283,145671539.089635,145671540.306931,145671542.023802,145671543.055617,145671544.065302,145671544.075876,145671550.300302,145671550.317765,0.000000,0.000000,0.000000
145671550.585042,145671569.774783,145671579.108857,145671580.091154,145671598.705376,145671600.087635,145671601.341542,145671603.138894,145671604.176450,145671605.230783,145671605.243765,145671611.554839,145671611.574079,0.000000,0.000000,0.000000
145671611.842950,145671630.966154,145671640.237857,145671641.220691,145671659.843691,145671661.302653,145671662.515691,145671664.291468,145671665.322653,145671666.330005,145671666.341209,145671672.605765,145671672.622302,0.000000,0.000000,0.000000
145671672.891950,145671692.060709,145671701.337135,145671702.323357,145671721.048913,145671722.517524,145671723.731302,145671725.480135,145671726.517302,145671727.586413,145671727.598542,145671733.823283,145671733.840876,0.000000,0.000000,0.000000
145671734.110209,145671753.181746,145671762.486505,145671763.470579,145671782.287413,145671783.763339,145671785.078283,145671787.004524,145671788.125635,145671789.181987,145671789.200468,145671797.584950,145671797.640153,0.000000,0.000000,0.000000
145671798.887987,145671824.825987,145671835.675098,145671837.369839,145671857.532802,145671866.919672,145671868.664690,145671870.989005,145671878.394042,145671884.321413,145671884.343153,145671892.130968,145671892.156450,0.000000,0.000000,0.000000
145671892.552635,145671915.375413,145671925.161801,145671926.202005,145671945.091561,145671946.667524,145671948.414098,145671950.332987,145671951.425487,145671952.477505,145671952.499468,145671960.281839,145671960.333172,0.000000,0.000000,0.000000
145671961.459894,145671992.118653,145672001.682857,145672008.120746,145672031.582635,145672036.406487,145672037.616542,145672039.397727,145672040.430431,145672041.490061,145672041.505987,145672047.764301,145672047.798283,0.000000,0.000000,0.000000
145672048.108857,145672068.849838,145672078.980320,145672080.347338,145672100.128172,145672106.856487,145672108.224005,145672110.258542,145672115.879005,145672120.488246,145672120.504931,145672126.755431,145672126.792209,0.000000,0.000000,0.000000
145672127.087894,145672147.890672,145672157.819894,145672159.181616,145672178.943394,145672185.642949,145672187.011098,145672189.011505,145672194.634505,145672199.160653,145672199.176487,145672205.800153,145672205.835561,0.000000,0.000000,0.000000
145672206.129987,145672232.336968,145672241.864949,145672243.278838,145672263.079246,145672269.789635,145672271.198949,145672273.096153,145672278.730764,145672283.271431,145672283.292227,145672289.817264,145672289.852283,0.000000,0.000000,0.000000
145672290.236246,145672311.145931,145672321.122283,145672322.437283,145672342.465060,145672349.203857,145672350.701338,145672352.575079,145672358.196968,145672362.739783,145672362.757079,145672369.015894,145672369.035357,0.000000,0.000000,0.000000
145672369.320449,145672388.653227,145672397.980153,145672398.961172,145672417.886301,145672419.198060,145672420.411690,145672422.104097,145672423.172746,145672424.190579,145672424.202227,145672430.471412,145672430.509560,0.000000,0.000000,0.000000
145672430.833209,145672451.799653,145672461.828875,145672463.147431,145672483.016875,145672489.729634,145672491.160894,145672492.992820,145672498.608505,145672503.200005,145672503.217986,145672509.470468,145672509.503801,0.000000,0.000000,0.000000
145672509.795764,145672530.752505,145672540.759060,145672542.078894,145672561.932431,145672568.602153,145672570.094783,145672571.849171,145672577.474264,145672582.009857,145672582.025468,145672588.840616,145672588.877616,0.000000,0.000000,0.000000
145672589.177746,145672609.817801,145672619.906986,145672621.188875,145672641.064746,145672647.843005,145672649.199764,145672651.165764,145672656.789764,145672661.340875,145672661.357727,145672667.628560,145672667.798153,0.000000,0.000000,0.000000
145672668.598394,145672694.050486,145672704.837857,145672706.553283,145672727.074690,145672736.252412,145672737.866097,145672740.105042,145672748.102338,145672754.662542,145672754.687394,145672763.091616,145672763.144042,0.000000,0.000000,0.000000
145672763.641875,145672802.681542,145672812.501708,145672821.246245,145672846.760338,145672852.970449,145672854.242486,145672856.047023,145672857.145338,145672858.231634,145672858.253579,145672865.967264,145672866.202949,0.000000,0.000000,0.000000
145672866.621634,145672892.449579,145672903.035245,145672904.600653,145672925.071375,145672933.552208,145672935.649468,145672937.881968,145672939.157579,145672946.416338,145672946.454356,145672956.780838,145672956.830060,0.000000,0.000000,0.000000
145672957.265986,145672983.100690,145672993.807930,145672995.200319,145673015.088727,145673021.834634,145673023.200356,145673025.085634,145673030.776060,145673035.426856,145673035.443116,145673041.748616,145673041.766227,0.000000,0.000000,0.000000
145673042.034227,145673061.307079,145673070.598393,145673071.581745,145673090.565430,145673091.836467,145673093.096079,145673094.778079,145673095.808004,145673096.835430,145673096.846004,145673103.118430,145673103.156819,0.000000,0.000000,0.000000
145673104.851338,145673127.036190,145673136.561634,145673137.935153,145673157.821004,145673164.600597,145673165.964301,145673167.925079,145673173.629838,145673178.237338,145673178.253208,145673184.528486,145673184.566004,0.000000,0.000000,0.000000
145673186.300949,145673215.740134,145673228.213060,145673233.895782,145673256.518245,145673257.789708,145673259.042912,145673260.714912,145673261.750097,145673262.775078,145673262.790597,145673269.046745,145673269.082264,0.000000,0.000000,0.000000
145673269.373893,145673290.408227,145673300.375634,145673301.690227,145673321.581486,145673328.375078,145673329.747060,145673331.590023,145673337.396801,145673341.938190,145673341.954745,145673348.251227,145673348.287727,0.000000,0.000000,0.000000
145673348.566801,145673369.952541,145673379.867023,145673381.199967,145673401.209597,145673407.962097,145673409.331504,145673411.235412,145673416.936597,145673421.559208,145673421.575967,145673427.823801,145673427.945634,0.000000,0.000000,0.000000
145673428.232949,145673448.309282,145673458.316689,145673459.341208,145673478.805467,145673480.626152,145673482.166319,145673489.657430,145673490.826875,145673491.894023,145673491.916264,145673502.110134,145673502.129134,0.000000,0.000000,0.000000
145673502.394615,145673521.490060,145673530.806467,145673531.790597,145673550.823634,145673552.084801,145673553.334467,145673554.982893,145673556.016819,145673557.038763,145673557.049060,145673563.373060,145673563.491634,0.000000,0.000000,0.000000
145673563.769930,145673583.143486,145673593.078930,145673594.211134,145673613.744356,145673615.510763,145673617.111097,145673624.496412,145673625.662393,145673626.775875,145673626.797541,145673637.185171,145673637.315597,0.000000,0.000000,0.000000
145673637.609838,145673657.204004,145673666.946189,145673668.414745,145673687.870467,145673689.637578,145673691.446875,145673701.607356,145673703.068930,145673704.374782,145673704.413504,145673719.570300,145673719.598597,0.000000,0.000000,0.000000
145673720.072486,145673746.830152,145673756.797319,145673757.854060,145673776.980652,145673778.296134,145673779.593337,145673781.434652,145673782.540930,145673783.630300,145673783.647782,145673792.087337,145673792.710337,0.000000,0.000000,0.000000
145673793.156541,145673821.173523,145673831.186486,145673832.808819,145673853.216948,145673861.681023,145673863.205282,145673865.253967,145673872.689300,145673878.583986,145673878.605245,145673886.404486,145673886.452467,0.000000,0.000000,0.000000
145673886.853300,145673914.771023,145673926.926967,145673926.983152,145673946.745985,145673948.706671,145673951.289467,145673961.316837,145673962.811097,145673964.177393,145673964.284115,145673980.561078,145673980.604374,0.000000,0.000000,0.000000
145673981.040745,145674010.983319,145674020.256041,145674021.242226,145674039.796726,145674041.197559,145674042.457652,145674044.192337,145674045.228504,145674046.243911,145674046.256652,145674052.553411,145674052.569782,0.000000,0.000000,0.000000
145674052.841171,145674072.099893,145674081.404837,145674082.387911,145674100.708059,145674102.260541,145674103.472245,145674105.161763,145674106.237726,145674107.257893,145674107.269096,145674113.556596,145674113.575189,0.000000,0.000000,0.000000
145674113.840930,145674132.867671,145674142.162745,145674143.146633,145674161.377671,145674162.936356,145674164.147837,145674165.902911,145674166.933782,145674167.981319,145674167.993911,145674174.371226,145674174.391022,0.000000,0.000000,0.000000
145674174.664430,145674193.927300,145674203.158856,145674204.185763,145674222.410578,145674223.983004,145674225.197245,145674226.931078,145674228.008467,145674229.048559,145674229.059504,145674235.282726,145674235.321504,0.000000,0.000000,0.000000
145674235.603708,145674257.257948,145674267.280763,145674268.804448,145674287.959504,145674295.182374,145674296.677152,145674299.305689,145674305.531578,145674310.764152,145674310.783282,145674321.964170,145674322.021226,0.000000,0.000000,0.000000
145674322.331411,145674347.681837,145674357.609837,145674358.959022,145674378.258189,145674385.398522,145674386.741633,145674388.716411,145674394.465022,145674399.044115,145674399.059893,145674405.502522,145674405.537800,0.000000,0.000000,0.000000
145674406.347893,145674426.820337,145674436.677059,145674438.014319,145674457.468596,145674464.497726,145674465.854707,145674467.888800,145674473.572856,145674478.222541,145674478.238615,145674484.572893,145674484.608041,0.000000,0.000000,0.000000
145674484.914022,145674509.418541,145674518.990411,145674520.340485,145674539.685189,145674546.801726,145674548.178652,145674550.161096,145674555.941744,145674560.551078,145674560.567911,145674566.837430,145674566.871633,0.000000,0.000000,0.000000
145674567.200467,145674588.146041,145674597.894930,145674599.414392,145674618.750133,145674625.902374,145674627.279337,145674629.376133,145674635.095689,145674639.736670,145674639.754541,145674646.249041,145674646.285300,0.000000,0.000000,0.000000
145674648.039504,145674670.108355,145674679.670707,145674681.059263,145674700.272522,145674709.042689,145674710.577948,145674712.822948,145674720.153059,145674726.112300,145674726.132244,145674733.930263,145674733.978522,0.000000,0.000000,0.000000
145674734.396004,145674758.663726,145674769.456115,145674770.103966,145674789.772800,145674791.862855,145674800.489226,145674802.929800,145674804.123596,145674811.413411,145674811.448689,145674821.856189,145674821.903411,0.000000,0.000000,0.000000
145674822.326633,145674847.508929,145674857.385726,145674858.420040,145674877.949689,145674880.161966,145674882.293800,145674892.056207,145674893.437837,145674894.640689,145674894.667559,145674908.998003,145674909.044818,0.000000,0.000000,0.000000
145674909.441115,145674940.902911,145674951.062226,145674952.863152,145674972.318337,145674980.985281,145674982.544670,145674984.701466,145674992.000818,145674997.967596,145674997.990114,145675005.782503,145675005.831689,0.000000,0.000000,0.000000
145675006.317763,145675031.688485,145675042.117040,145675043.889133,145675063.527003,145675072.251837,145675073.747726,145675075.919022,145675083.162337,145675089.289263,145675089.312022,145675097.113726,145675097.163263,0.000000,0.000000,0.000000
145675097.625151,145675122.478318,145675132.926392,145675134.849522,145675154.701688,145675163.371281,145675164.910022,145675167.014559,145675174.384874,145675180.374096,145675180.396411,145675188.142225,145675188.190466,0.000000,0.000000,0.000000
145675188.612059,145675212.881577,145675223.210448,145675224.285411,145675243.926281,145675245.856614,145675247.559466,145675256.986077,145675258.339892,145675259.539133,145675259.571577,145675273.704485,145675273.752651,0.000000,0.000000,0.000000
145675274.165022,145675298.479170,145675308.547244,145675310.089188,145675329.764281,145675336.640799,145675337.986077,145675339.984225,145675345.626892,145675350.204096,145675350.221577,145675356.480225,145675356.514874,0.000000,0.000000,0.000000
145675357.060577,145675377.763985,145675387.715873,145675389.059948,145675408.985799,145675415.810799,145675417.293318,145675419.275207,145675424.908392,145675429.457707,145675429.474762,145675435.771540,145675435.807448,0.000000,0.000000,0.000000
145675436.128318,145675456.719725,145675466.454503,145675467.501466,145675487.074985,145675488.911040,145675495.692929,145675497.696799,145675498.779003,145675504.484707,145675504.513596,145675512.527966,145675512.564059,0.000000,0.000000,0.000000
145675512.854133,145675534.076762,145675543.621299,145675544.990355,145675563.838947,145675566.070873,145675567.650725,145675575.115818,145675576.281133,145675577.358559,145675577.382966,145675587.706855,145675587.743281,0.000000,0.000000,0.000000
145675588.589151,145675612.374633,145675622.290929,145675623.809336,145675642.507651,145675649.395873,145675650.943466,145675652.893966,145675658.524651,145675663.105447,145675663.122484,145675669.335466,145675669.541151,0.000000,0.000000,0.000000
145675669.837855,145675694.166503,145675703.737429,145675705.245947,145675723.618596,145675730.902373,145675732.274077,145675734.262855,145675739.931336,145675744.460596,145675744.478244,145675750.762096,145675750.798558,0.000000,0.000000,0.000000
145675751.075021,145675772.555707,145675782.913558,145675784.515762,145675809.241984,145675816.244670,145675821.405577,145675823.710447,145675830.244095,145675831.371799,145675831.399558,145675842.510762,145675842.546003,0.000000,0.000000,0.000000
145675842.892818,145675863.936151,145675873.699466,145675875.203170,145675894.000132,145675901.289707,145675903.023244,145675905.446558,145675911.087169,145675915.682577,145675915.697373,145675921.982132,145675922.019855,0.000000,0.000000,0.000000
145675922.386466,145675943.252281,145675953.388836,145675954.887299,145675973.768484,145675980.992299,145675982.368169,145675984.636892,145675990.251873,145675994.848855,145675994.865447,145676001.167669,145676001.203762,0.000000,0.000000,0.000000
145676001.559651,145676027.381114,145676037.928058,145676039.850318,145676059.472558,145676069.067058,145676070.682280,145676073.302206,145676081.258855,145676087.934873,145676087.957762,145676096.281447,145676096.335410,0.000000,0.000000,0.000000
145676096.905780,145676121.953929,145676132.414558,145676134.235484,145676153.786558,145676162.652910,145676164.176466,145676166.483447,145676173.823892,145676179.783262,145676179.805021,145676187.617521,145676187.664262,0.000000,0.000000,0.000000
145676188.198095,145676212.602929,145676222.998836,145676224.133947,145676244.126021,145676246.183558,145676254.826132,145676257.289225,145676258.439188,145676265.775021,145676265.807429,145676276.479466,145676276.527891,0.000000,0.000000,0.000000
145676276.997336,145676301.137817,145676311.634540,145676312.748817,145676332.552577,145676334.631873,145676336.312299,145676345.826614,145676347.238854,145676348.432873,145676348.464299,145676362.368206,145676362.595095,0.000000,0.000000,0.000000
145676362.984614,145676388.249817,145676398.559836,145676399.578780,145676419.212040,145676421.302373,145676423.006354,145676432.561280,145676434.035299,145676435.290132,145676435.317614,145676448.959262,145676449.002873,0.000000,0.000000,0.000000
145676449.526540,145676474.471540,145676484.898040,145676486.426762,145676506.509762,145676515.299910,145676516.920280,145676519.274836,145676526.527151,145676532.507632,145676532.527799,145676540.324928,145676540.374577,0.000000,0.000000,0.000000
145676540.884984,145676565.276873,145676575.657799,145676577.501910,145676597.341651,145676606.119002,145676607.626076,145676609.774465,145676617.100225,145676623.135891,145676623.159595,145676631.004021,145676631.051299,0.000000,0.000000,0.000000
145676631.591465,145676655.598780,145676665.921410,145676666.781262,145676686.637354,145676688.629039,145676690.378947,145676699.789910,145676701.329113,145676702.489262,145676702.522225,145676716.085428,145676716.129743,0.000000,0.000000,0.000000
145676717.235558,145676747.449613,145676758.324854,145676760.104076,145676779.920039,145676788.599243,145676790.120539,145676792.283521,145676799.608965,145676805.636150,145676805.657169,145676813.655836,145676813.930799,0.000000,0.000000,0.000000
145676814.381428,145676850.587632,145676860.935095,145676862.792280,145676882.893817,145676892.333595,145676893.928150,145676896.243261,145676904.311243,145676910.900336,145676910.927169,145676919.094558,145676919.143854,0.000000,0.000000,0.000000
145676920.465132,145676944.722336,145676955.011780,145676956.297169,145676976.541761,145676978.505002,145676987.051095,145676989.478836,145676990.663410,145676997.964521,145676997.997632,145677008.558632,145677008.918169,0.000000,0.000000,0.000000
145677009.323521,145677034.458261,145677044.809761,145677046.034539,145677066.371595,145677068.464447,145677077.033780,145677079.450891,145677080.639984,145677088.059335,145677088.095669,145677098.559354,145677099.021669,0.000000,0.000000,0.000000
145677099.422984,145677126.009502,145677136.308724,145677137.371113,145677157.179428,145677159.176743,145677160.875761,145677170.295095,145677171.657947,145677172.869669,145677172.898761,145677186.894280,145677187.308317,0.000000,0.000000,0.000000
145677187.712243,145677215.140224,145677225.614076,145677226.609021,145677246.239095,145677248.153113,145677250.156798,145677259.535983,145677260.909076,145677262.176206,145677262.208983,145677276.127502,145677276.175521,0.000000,0.000000,0.000000
145677276.630669,145677310.572076,145677320.576613,145677322.084502,145677342.446428,145677351.144706,145677352.669687,145677354.818298,145677362.094409,145677368.010595,145677368.031817,145677375.923020,145677375.971076,0.000000,0.000000,0.000000
145677377.973243,145677406.559428,145677417.474057,145677419.105372,145677439.449169,145677448.866335,145677450.476224,145677452.860020,145677460.844983,145677467.391372,145677467.415817,145677475.747502,145677475.801872,0.000000,0.000000,0.000000
145677476.321576,145677510.994094,145677521.231891,145677522.725446,145677543.124798,145677551.716594,145677553.228391,145677555.294002,145677562.612520,145677568.641391,145677568.663206,145677576.498594,145677576.546446,0.000000,0.000000,0.000000
145677576.964224,145677600.458872,145677611.081576,145677612.007002,145677631.570613,145677633.804483,145677635.488502,145677644.856965,145677646.257243,145677647.457317,145677647.481780,145677661.566057,145677661.613557,0.000000,0.000000,0.000000
145677662.030928,145677686.936983,145677697.752650,145677699.649113,145677727.552742,145677736.238594,145677743.629113,145677745.943076,145677747.553520,145677756.173317,145677756.201909,145677771.367835,145677771.416428,0.000000,0.000000,0.000000
145677771.827298,145677795.823317,145677806.098354,145677807.194094,145677827.053539,145677828.752446,145677830.382354,145677837.873261,145677839.017335,145677840.161076,145677840.184002,145677850.598039,145677850.631761,0.000000,0.000000,0.000000
145677850.919557,145677872.013520,145677881.793983,145677882.788298,145677902.505020,145677904.358742,145677906.248094,145677913.737483,145677914.907409,145677915.990131,145677916.010094,145677926.256668,145677926.293242,0.000000,0.000000,0.000000
145677927.163928,145677947.976502,145677957.901446,145677959.405798,145677979.110205,145677986.009835,145677987.362594,145677989.199668,145677994.901446,145677999.519409,145677999.535483,145678006.015076,145678006.051150,0.000000,0.000000,0.000000
145678006.959779,145678031.055909,145678040.882742,145678042.398724,145678062.117742,145678068.971909,145678070.387094,145678072.225279,145678077.927094,145678082.554576,145678082.571020,145678089.141557,145678089.177464,0.000000,0.000000,0.000000
145678089.452205,145678110.259779,145678120.116983,145678121.608742,145678141.318946,145678148.248668,145678149.641094,145678151.562168,145678157.256427,145678161.827909,145678161.844242,145678168.111816,145678168.146576,0.000000,0.000000,0.000000
145678168.418057,145678190.534150,145678200.348872,145678201.894631,145678221.575613,145678228.439724,145678229.804724,145678231.686853,145678237.446724,145678242.052946,145678242.069464,145678248.344872,145678248.380835,0.000000,0.000000,0.000000
145678248.672261,145678270.098353,145678279.932427,145678281.460020,145678301.151538,145678307.983761,145678309.388835,145678311.235020,145678316.940705,145678321.608335,145678321.623946,145678327.873446,145678327.908520,0.000000,0.000000,0.000000
145678328.187335,145678348.994927,145678358.822853,145678360.347427,145678380.072964,145678386.967687,145678388.383057,145678390.203946,145678395.899983,145678400.534131,145678400.551724,145678406.845409,145678406.881261,0.000000,0.000000,0.000000
145678407.154594,145678428.053964,145678437.934186,145678439.445372,145678459.272668,145678466.207483,145678467.675094,145678469.556557,145678475.319631,145678479.901927,145678479.919501,145678486.194224,145678486.230816,0.000000,0.000000,0.000000
145678486.500075,145678507.736020,145678517.661038,145678519.170261,145678538.985149,145678548.279446,145678549.921261,145678552.238001,145678560.231483,145678566.764835,145678566.787001,145678575.154649,145678575.208316,0.000000,0.000000,0.000000
145678575.637890,145678601.387242,145678612.190872,145678613.500390,145678633.151297,145678635.355038,145678637.094260,145678646.392742,145678647.810242,145678649.026668,145678649.059575,145678663.002649,145678663.347835,0.000000,0.000000,0.000000
145678663.766242,145678697.215816,145678707.183816,145678708.691297,145678728.871464,145678737.176001,145678738.532038,145678740.445983,145678746.146890,145678750.803520,145678750.820371,145678757.069353,145678757.106057,0.000000,0.000000,0.000000
145678757.961520,145678778.252353,145678788.186464,145678789.185371,145678808.626557,145678810.527205,145678812.071390,145678819.639797,145678820.828020,145678821.944779,145678821.970723,145678832.064186,145678832.209075,0.000000,0.000000,0.000000
145678832.473742,145678854.432279,145678864.109594,145678865.393260,145678884.839779,145678886.861353,145678888.715464,145678896.203927,145678897.377223,145678898.470390,145678898.491001,145678908.670131,145678908.705983,0.000000,0.000000,0.000000
145678909.037390,145678929.526927,145678939.357408,145678940.763760,145678960.547631,145678967.477649,145678968.857575,145678970.780631,145678976.488242,145678981.132612,145678981.147038,145678987.358038,145678987.395760,0.000000,0.000000,0.000000
145678987.762019,145679008.277871,145679018.094297,145679019.727945,145679039.497316,145679046.416260,145679047.798853,145679049.703482,145679055.534279,145679060.175742,145679060.192316,145679066.400019,145679066.436094,0.000000,0.000000,0.000000
145679066.803279,145679086.768853,145679096.799464,145679097.840390,145679117.149019,145679119.090649,145679120.633834,145679128.201871,145679129.361593,145679130.470964,145679130.492334,145679141.042853,145679141.078482,0.000000,0.000000,0.000000
145679141.352816,145679161.951279,145679171.873593,145679173.233575,145679192.978112,145679199.944260,145679201.415519,145679203.320964,145679209.017890,145679213.665964,145679213.682464,145679219.951260,145679219.986982,0.000000,0.000000,0.000000
145679220.351019,145679241.042112,145679250.863612,145679252.374353,145679271.886705,145679278.867556,145679280.237056,145679282.146853,145679287.956167,145679292.591964,145679292.609334,145679298.859130,145679298.897112,0.000000,0.000000,0.000000
145679299.188297,145679319.486260,145679329.463723,145679331.011908,145679350.527427,145679357.516353,145679358.890890,145679360.783464,145679366.519538,145679371.251612,145679371.268445,145679377.520408,145679377.556630,0.000000,0.000000,0.000000
145679377.873982,145679401.937630,145679411.682334,145679413.198538,145679432.633630,145679439.671167,145679441.291760,145679443.485575,145679451.553316,145679458.094186,145679458.116371,145679466.484612,145679466.535130,0.000000,0.000000,0.000000
145679467.005945,145679492.754167,145679503.394130,145679504.492315,145679523.816982,145679525.819056,145679527.981056,145679538.262556,145679539.720019,145679540.935297,145679540.958853,145679551.053371,145679551.212834,0.000000,0.000000,0.000000
145679551.486927,145679572.408667,145679581.728167,145679582.713741,145679601.731704,145679603.564464,145679605.288186,145679612.730760,145679613.898334,145679614.985389,145679615.006871,145679625.287760,145679625.325112,0.000000,0.000000,0.000000
145679625.684001,145679646.302519,145679656.187593,145679657.512538,145679676.928019,145679683.855926,145679685.313852,145679687.189630,145679692.830593,145679697.422167,145679697.436926,145679703.708797,145679703.746834,0.000000,0.000000,0.000000
145679704.115315,145679724.605871,145679734.359778,145679735.692704,145679755.106741,145679762.033760,145679763.451056,145679765.308167,145679770.978945,145679775.565593,145679775.579186,145679781.908741,145679781.947704,0.000000,0.000000,0.000000
145679782.315501,145679802.947371,145679812.767500,145679814.103463,145679833.432371,145679840.404556,145679841.823167,145679843.699686,145679849.326963,145679854.041167,145679854.057704,145679860.401593,145679860.435871,0.000000,0.000000,0.000000
145679860.782186,145679881.459630,145679891.270593,145679892.597982,145679911.683075,145679918.796019,145679920.536334,145679922.586963,145679923.657834,145679929.384686,145679929.403630,145679937.375945,145679937.410889,0.000000,0.000000,0.000000
145679937.773649,145679957.902686,145679967.703408,145679968.764834,145679987.100204,145679989.261297,145679990.835093,145679998.315945,145679999.475982,145680000.652760,145680000.671778,145680010.700871,145680010.735408,0.000000,0.000000,0.000000
145680011.097315,145680031.331000,145680041.116686,145680042.502186,145680061.441000,145680068.512408,145680069.878352,145680071.751963,145680077.377074,145680081.957037,145680081.974871,145680088.256389,145680088.290260,0.000000,0.000000,0.000000
145680088.649241,145680108.936019,145680118.723297,145680119.785908,145680138.160297,145680140.195537,145680141.924648,145680149.349148,145680150.553352,145680151.743593,145680151.764408,145680161.807389,145680161.844074,0.000000,0.000000,0.000000
145680162.194185,145680182.155222,145680191.539352,145680192.544241,145680211.046056,145680213.090222,145680214.817185,145680222.633241,145680223.793593,145680224.909130,145680224.927074,145680234.988204,145680235.023574,0.000000,0.000000,0.000000
145680235.372056,145680256.806130,145680266.632167,145680267.680241,145680286.572315,145680288.700778,145680290.686445,145680300.085630,145680301.637778,145680302.910741,145680302.942630,145680316.696648,145680316.744667,0.000000,0.000000,0.000000
145680317.238574,145680341.311778,145680351.163222,145680352.253741,145680371.402463,145680373.441722,145680375.470759,145680384.941519,145680386.321593,145680387.558611,145680387.580315,145680401.377796,145680401.423648,0.000000,0.000000,0.000000
145680401.916315,145680426.225908,145680436.144611,145680437.656741,145680456.680537,145680458.702611,145680460.691667,145680469.962408,145680471.331241,145680472.576500,145680472.605037,145680486.512593,145680486.560222,0.000000,0.000000,0.000000
145680487.061148,145680511.212204,145680521.074611,145680522.109815,145680541.295389,145680543.269537,145680545.297537,145680554.850982,145680556.262796,145680557.446352,145680557.474426,145680571.392648,145680571.440204,0.000000,0.000000,0.000000
145680571.917426,145680596.187333,145680606.064204,145680607.535407,145680627.007833,145680628.939315,145680630.920667,145680640.261370,145680641.621093,145680642.854519,145680642.885963,145680656.051093,145680656.086537,0.000000,0.000000,0.000000
145680656.424111,145680678.573648,145680688.408056,145680689.730704,145680709.532889,145680716.368333,145680717.821667,145680719.678593,145680725.307667,145680729.859741,145680729.876296,145680736.187926,145680736.333759,0.000000,0.000000,0.000000
145680736.617018,145680759.625185,145680769.203555,145680770.540500,145680790.208148,145680796.974167,145680798.344278,145680800.288278,145680805.948926,145680810.492611,145680810.509259,145680816.723148,145680816.759555,0.000000,0.000000,0.000000
145680818.319333,145680838.121889,145680848.049278,145680849.626815,145680869.262407,145680876.058241,145680877.435000,145680879.370296,145680885.062963,145680889.626481,145680889.644833,145680896.121426,145680896.157315,0.000000,0.000000,0.000000
145680896.472148,145680917.555074,145680927.548611,145680928.834537,145680948.375852,145680955.234333,145680956.623037,145680958.448407,145680964.084611,145680968.696463,145680968.714778,145680975.004963,145680975.153333,0.000000,0.000000,0.000000
145680975.436166,145680995.801537,145681005.600148,145681006.653370,145681025.533759,145681027.280074,145681029.004926,145681036.460241,145681037.600203,145681038.701037,145681038.725240,145681048.809407,145681048.845463,0.000000,0.000000,0.000000
145681049.156796,145681070.216666,145681079.604000,145681081.111889,145681099.925444,145681101.734203,145681103.495907,145681110.895277,145681112.078963,145681113.216518,145681113.238889,145681123.476889,145681123.514796,0.000000,0.000000,0.000000
145681123.846944,145681143.333481,145681153.322703,145681154.662666,145681173.967759,145681180.888111,145681182.299537,145681184.183814,145681189.782111,145681194.349537,145681194.366481,145681200.622685,145681200.766037,0.000000,0.000000,0.000000
145681201.099944,145681221.759740,145681231.799555,145681233.237629,145681252.377740,145681259.294111,145681260.723444,145681262.545074,145681268.197666,145681272.770129,145681272.786074,145681279.040296,145681279.216240,0.000000,0.000000,0.000000
145681279.490148,145681299.979240,145681309.930129,145681311.225981,145681330.423814,145681337.354555,145681338.754759,145681340.573444,145681346.205388,145681350.724407,145681350.740518,145681356.993555,145681357.228148,0.000000,0.000000,0.000000
145681357.547222,145681388.695833,145681399.240296,145681401.019074,145681420.823851,145681430.224703,145681431.894740,145681434.044481,145681442.110203,145681448.653314,145681448.678259,145681457.015537,145681457.067129,0.000000,0.000000,0.000000
145681458.439981,145681482.688796,145681492.984685,145681494.123055,145681513.924037,145681515.910611,145681524.523814,145681526.692462,145681527.953055,145681535.285074,145681535.316981,145681545.739333,145681545.788722,0.000000,0.000000,0.000000
145681546.199833,145681570.250055,145681580.114796,145681581.208703,145681600.480536,145681602.722055,145681604.452462,145681613.716981,145681615.081851,145681616.251148,145681616.277833,145681630.256796,145681630.305388,0.000000,0.000000,0.000000
145681630.709370,145681654.900351,145681665.258240,145681666.712222,145681686.350110,145681693.260981,145681694.635536,145681696.532814,145681702.294573,145681706.916388,145681706.932018,145681713.239277,145681713.275240,0.000000,0.000000,0.000000
145681714.102222,145681734.186222,145681743.918370,145681744.959981,145681764.023518,145681765.964592,145681767.629203,145681775.090944,145681776.252999,145681777.337703,145681777.354018,145681787.622073,145681787.660166,0.000000,0.000000,0.000000
145681788.525129,145681808.632462,145681818.403703,145681819.772629,145681839.314592,145681846.202740,145681847.614573,145681849.462647,145681855.262981,145681859.906536,145681859.923851,145681866.165573,145681866.200351,0.000000,0.000000,0.000000
145681867.062055,145681888.883407,145681898.411944,145681900.067981,145681919.272240,145681926.190647,145681927.563796,145681929.416203,145681935.202925,145681939.814555,145681939.831314,145681946.289981,145681946.326888,0.000000,0.000000,0.000000
145681947.159629,145681967.106629,145681977.106962,145681978.155555,145681997.468536,145681999.267833,145682006.079962,145682008.068610,145682009.207703,145682014.907851,145682014.927221,145682023.061240,145682023.096444,0.000000,0.000000,0.000000
145682023.949573,145682043.407258,145682053.501073,145682055.111036,145682074.129684,145682081.058036,145682082.476981,145682084.353740,145682090.056851,145682094.686925,145682094.702407,145682101.012481,145682101.047629,0.000000,0.000000,0.000000
145682101.937592,145682124.464795,145682134.929018,145682136.281832,145682155.517388,145682162.447795,145682163.824388,145682165.638629,145682171.398610,145682175.960147,145682175.975981,145682182.287444,145682182.404888,0.000000,0.000000,0.000000
145682182.684906,145682203.380888,145682213.401536,145682214.753906,145682234.121740,145682240.986092,145682242.470166,145682244.504129,145682250.226129,145682254.814388,145682254.831592,145682261.141647,145682261.158869,0.000000,0.000000,0.000000
145682261.445073,145682280.525462,145682289.840480,145682290.824555,145682309.405499,145682310.801666,145682312.059147,145682313.821888,145682314.857647,145682315.866499,145682315.876906,145682322.181666,145682322.200073,0.000000,0.000000,0.000000
145682322.483684,145682341.619036,145682350.885777,145682351.869406,145682370.622147,145682372.005036,145682373.306240,145682375.122258,145682376.289443,145682377.345055,145682377.361351,145682385.643851,145682385.670795,0.000000,0.000000,0.000000
145682386.116480,145682410.377906,145682420.600740,145682421.660999,145682440.723610,145682442.064554,145682443.371258,145682445.298499,145682446.422851,145682447.463554,145682447.482573,145682455.823480,145682455.849166,0.000000,0.000000,0.000000
145682456.332129,145682478.511721,145682487.745221,145682488.771795,145682507.766573,145682508.993980,145682510.208425,145682511.835110,145682512.916314,145682513.926999,145682513.938703,145682520.160869,145682520.180203,0.000000,0.000000,0.000000
145682520.459425,145682539.405554,145682548.736628,145682549.707980,145682568.704054,145682569.929943,145682571.184091,145682572.808258,145682573.839147,145682574.847999,145682574.858221,145682581.164499,145682581.182777,0.000000,0.000000,0.000000
145682581.455091,145682600.461314,145682609.708110,145682610.741017,145682629.725165,145682630.992999,145682632.206925,145682633.820443,145682634.898684,145682635.908165,145682635.920517,145682642.184091,145682642.202869,0.000000,0.000000,0.000000
145682642.473851,145682661.636702,145682670.905128,145682671.891480,145682690.917888,145682692.144684,145682693.357795,145682695.001665,145682696.033406,145682697.042610,145682697.052499,145682703.323351,145682703.340980,0.000000,0.000000,0.000000
145682703.625647,145682722.650851,145682731.954851,145682732.970277,145682751.953091,145682753.221943,145682754.433443,145682756.051184,145682757.126369,145682758.135573,145682758.146591,145682764.430943,145682764.448351,0.000000,0.000000,0.000000
145682764.715147,145682783.760184,145682793.047332,145682794.031239,145682813.045628,145682814.267739,145682815.480795,145682817.125258,145682818.159869,145682819.172906,145682819.183536,145682825.533499,145682825.552332,0.000000,0.000000,0.000000
145682825.832388,145682845.176239,145682854.438610,145682855.462276,145682874.591425,145682875.911443,145682877.434721,145682879.056591,145682880.137017,145682881.148406,145682881.161054,145682887.371369,145682887.387684,0.000000,0.000000,0.000000
145682887.659091,145682906.792147,145682916.073721,145682917.056869,145682936.073425,145682937.299721,145682938.553795,145682940.174091,145682941.203702,145682942.216239,145682942.226943,145682948.529536,145682948.548480,0.000000,0.000000,0.000000
145682948.811554,145682967.883536,145682977.129221,145682978.159036,145682997.180276,145682998.407017,145682999.605573,145683001.227665,145683002.301573,145683003.314758,145683003.325628,145683009.573832,145683009.592073,0.000000,0.000000,0.000000
145683009.859258,145683028.925702,145683038.225239,145683039.208387,145683058.226924,145683059.449906,145683060.716462,145683062.340943,145683063.377350,145683064.388628,145683064.400054,145683070.715110,145683070.729795,0.000000,0.000000,0.000000
145683070.998332,145683090.255850,145683099.472128,145683100.493813,145683119.489813,145683120.716999,145683121.930276,145683123.554702,145683124.635369,145683125.644350,145683125.655776,145683131.922313,145683131.940147,0.000000,0.000000,0.000000
145683132.195999,145683151.149147,145683160.457221,145683161.438943,145683180.444147,145683181.684054,145683182.953295,145683184.664887,145683185.751128,145683186.782554,145683186.797980,145683194.607943,145683194.631961,0.000000,0.000000,0.000000
145683195.010758,145683217.627258,145683227.392184,145683228.427517,145683247.526924,145683248.761498,145683249.994073,145683251.753924,145683252.848035,145683253.878332,145683253.895554,145683261.730610,145683261.752647,0.000000,0.000000,0.000000
145683262.132073,145683284.535221,145683293.856202,145683294.838054,145683313.854776,145683315.113165,145683316.307554,145683317.936072,145683318.966017,145683320.045091,145683320.056591,145683326.306332,145683326.325295,0.000000,0.000000,0.000000
145683326.591980,145683345.882998,145683355.166647,145683356.152072,145683375.168221,145683376.396998,145683377.610943,145683379.274128,145683380.309795,145683381.321109,145683381.331443,145683387.539609,145683387.557239,0.000000,0.000000,0.000000
145683387.821221,145683406.956091,145683416.227276,145683417.212221,145683436.221517,145683437.481369,145683438.695276,145683440.317165,145683441.351165,145683442.402498,145683442.412758,145683448.661480,145683448.679906,0.000000,0.000000,0.000000
145683448.952221,145683468.048665,145683477.341424,145683478.327146,145683497.321554,145683498.549628,145683499.745332,145683501.417221,145683502.444961,145683503.455109,145683503.465054,145683509.715591,145683509.733017,0.000000,0.000000,0.000000
145683510.016480,145683528.969776,145683538.279795,145683539.263202,145683558.294165,145683559.555591,145683560.767776,145683562.393350,145683563.426498,145683564.478646,145683564.488295,145683570.711369,145683570.729702,0.000000,0.000000,0.000000
145683570.998220,145683590.094757,145683599.371350,145683600.352776,145683619.379720,145683620.608072,145683621.821906,145683623.485313,145683624.523017,145683625.533776,145683625.544906,145683631.807924,145683631.827424,0.000000,0.000000,0.000000
145683632.092295,145683651.153035,145683660.453091,145683661.433276,145683680.449202,145683681.674461,145683682.909109,145683684.537183,145683685.568424,145683686.580424,145683686.591683,145683692.916739,145683692.933017,0.000000,0.000000,0.000000
145683693.195461,145683712.228294,145683721.502683,145683722.486165,145683741.498461,145683742.727572,145683743.940480,145683745.603906,145683746.633646,145683747.644443,145683747.655609,145683753.902646,145683753.921146,0.000000,0.000000,0.000000
145683754.183572,145683773.307443,145683782.601406,145683783.582628,145683802.607054,145683803.834183,145683805.090776,145683806.709628,145683807.742683,145683808.754165,145683808.767257,145683815.080739,145683815.099480,0.000000,0.000000,0.000000
145683815.382572,145683834.473535,145683843.780220,145683844.763646,145683863.773850,145683865.001480,145683866.201794,145683867.864276,145683868.893183,145683869.905757,145683869.917943,145683876.201609,145683876.217831,0.000000,0.000000,0.000000
145683876.484646,145683895.665146,145683904.957980,145683905.939868,145683925.095554,145683926.411165,145683927.984091,145683929.608091,145683930.644128,145683931.692035,145683931.704387,145683937.911331,145683937.927776,0.000000,0.000000,0.000000
145683938.191276,145683957.326850,145683966.613554,145683967.597646,145683986.649554,145683987.853683,145683989.141591,145683990.907109,145683991.993054,145683993.005961,145683993.023109,145684000.814035,145684000.838535,0.000000,0.000000,0.000000
145684001.233535,145684024.134387,145684033.939887,145684035.020479,145684054.078794,145684055.320998,145684056.590757,145684058.306794,145684059.440516,145684060.456702,145684060.471442,145684068.206702,145684068.229350,0.000000,0.000000,0.000000
145684068.657942,145684091.358683,145684100.733516,145684101.715535,145684120.733109,145684121.957276,145684123.209887,145684124.826220,145684125.858072,145684126.857072,145684126.867905,145684133.164887,145684133.182998,0.000000,0.000000,0.000000
145684133.454924,145684152.622998,145684161.965313,145684162.944979,145684181.959109,145684183.179887,145684184.392924,145684186.054498,145684187.082368,145684188.084665,145684188.095498,145684194.385794,145684194.404072,0.000000,0.000000,0.000000
145684194.667461,145684213.838053,145684223.122850,145684224.103979,145684243.111035,145684244.336998,145684245.596479,145684247.218053,145684248.246053,145684249.245683,145684249.255794,145684255.579905,145684255.598609,0.000000,0.000000,0.000000
145684255.862609,145684275.160516,145684284.480516,145684285.466516,145684304.478387,145684305.703183,145684306.913979,145684308.576868,145684309.611609,145684310.610831,145684310.621553,145684316.918627,145684316.936609,0.000000,0.000000,0.000000
145684317.195146,145684336.498331,145684345.791609,145684346.771924,145684365.800701,145684367.067627,145684368.281276,145684369.893276,145684370.925979,145684371.966257,145684371.977035,145684378.227294,145684378.246016,0.000000,0.000000,0.000000
145684378.511590,145684397.661294,145684406.969350,145684407.951609,145684426.975424,145684428.203905,145684429.420183,145684431.086072,145684432.114609,145684433.112590,145684433.124183,145684439.371146,145684439.390424,0.000000,0.000000,0.000000
145684439.669479,145684458.800016,145684468.153090,145684469.137850,145684488.163683,145684489.430516,145684490.642757,145684492.259220,145684493.289331,145684494.332072,145684494.343942,145684500.590850,145684500.607461,0.000000,0.000000,0.000000
145684500.872794,145684519.882627,145684529.313831,145684530.296424,145684549.304257,145684550.530924,145684551.746590,145684553.408868,145684554.439701,145684555.441461,145684555.451646,145684561.736572,145684561.754905,0.000000,0.000000,0.000000
145684562.019294,145684581.220257,145684590.537738,145684591.515794,145684610.527646,145684611.793609,145684613.009924,145684614.630812,145684615.657479,145684616.698312,145684616.709442,145684622.994090,145684623.013146,0.000000,0.000000,0.000000
145684623.277701,145684642.403312,145684651.725498,145684652.706424,145684671.727868,145684672.957257,145684674.168220,145684675.825331,145684676.856368,145684677.857442,145684677.868757,145684684.120386,145684684.136664,0.000000,0.000000,0.000000
145684684.400998,145684703.553183,145684712.877831,145684713.858294,145684732.857979,145684734.129442,145684735.342701,145684736.957609,145684737.986127,145684739.027164,145684739.038868,145684745.321664,145684745.340053,0.000000,0.000000,0.000000
145684745.607498,145684764.806423,145684774.108775,145684775.089238,145684794.225868,145684795.364960,145684796.642127,145684798.396775,145684799.457312,145684800.472590,145684800.488738,145684808.268664,145684808.292775,0.000000,0.000000,0.000000
145684808.701072,145684831.729960,145684841.675775,145684842.699960,145684861.765220,145684863.012090,145684864.284220,145684866.002016,145684867.133442,145684868.145775,145684868.166312,145684875.971683,145684875.993553,0.000000,0.000000,0.000000
145684876.410109,145684898.848886,145684908.218275,145684909.203220,145684928.382331,145684929.723386,145684931.259683,145684932.867053,145684933.895683,145684934.933701,145684934.947701,145684941.249349,145684941.267497,0.000000,0.000000,0.000000
145684941.530942,145684960.797201,145684970.121183,145684971.100831,145684990.115997,145684991.345034,145684992.560886,145684994.226164,145684995.255720,145684996.254812,145684996.265979,145685002.529146,145685002.549034,0.000000,0.000000,0.000000
145685002.820368,145685021.895034,145685031.239683,145685032.221108,145685051.247016,145685052.513183,145685053.729090,145685055.354534,145685056.382238,145685057.417405,145685057.428590,145685063.727423,145685063.745646,0.000000,0.000000,0.000000
145685064.009905,145685083.225960,145685092.551960,145685093.533090,145685112.517183,145685113.744220,145685114.957923,145685116.595275,145685117.625905,145685118.625757,145685118.636423,145685124.939608,145685124.957923,0.000000,0.000000,0.000000
145685125.219627,145685144.275905,145685153.615608,145685154.594534,145685173.662423,145685174.934868,145685176.146923,145685177.780386,145685178.812627,145685179.855997,145685179.866794,145685186.127757,145685186.146794,0.000000,0.000000,0.000000
145685186.407553,145685205.549405,145685214.885108,145685215.863645,145685234.890812,145685236.118923,145685237.329405,145685238.998664,145685240.060608,145685241.050257,145685241.062145,145685247.312164,145685247.331145,0.000000,0.000000,0.000000
145685247.622257,145685266.652053,145685276.001534,145685276.985794,145685296.015442,145685297.291775,145685298.503442,145685300.109053,145685301.144849,145685302.194349,145685302.205145,145685308.452034,145685308.469590,0.000000,0.000000,0.000000
145685308.774034,145685327.891108,145685337.163645,145685338.149849,145685357.181034,145685358.416182,145685359.629071,145685361.301256,145685362.335553,145685363.344923,145685363.354923,145685369.565812,145685369.584201,0.000000,0.000000,0.000000
145685369.887942,145685388.865553,145685398.182127,145685399.160516,145685418.201256,145685419.464571,145685420.678608,145685422.301608,145685423.336330,145685424.388701,145685424.398812,145685430.660627,145685430.678849,0.000000,0.000000,0.000000
145685430.984442,145685450.142497,145685459.436423,145685460.419627,145685479.437460,145685480.668127,145685481.881238,145685483.521293,145685484.551979,145685485.564682,145685485.575442,145685491.843590,145685491.860053,0.000000,0.000000,0.000000
145685492.163997,145685511.191145,145685520.482664,145685521.468775,145685540.513127,145685541.780034,145685542.996034,145685544.615775,145685545.645664,145685546.694942,145685546.706053,145685552.928645,145685552.947164,0.000000,0.000000,0.000000
145685553.249349,145685572.514256,145685581.801997,145685582.775719,145685601.806479,145685603.092516,145685604.457516,145685606.365627,145685607.544923,145685608.607812,145685608.627516,145685617.745367,145685617.775016,0.000000,0.000000,0.000000
145685618.313293,145685643.819090,145685654.154497,145685655.263775,145685674.444404,145685675.725312,145685677.094608,145685679.002719,145685680.182812,145685681.249812,145685681.267201,145685690.182571,145685690.208293,0.000000,0.000000,0.000000
145685690.741627,145685712.215145,145685721.464627,145685722.489590,145685741.475775,145685742.753478,145685743.965330,145685745.585293,145685746.620515,145685747.673145,145685747.684330,145685753.926423,145685753.943793,0.000000,0.000000,0.000000
145685754.252127,145685773.239015,145685782.534682,145685783.512090,145685802.514275,145685803.764478,145685804.976997,145685806.644645,145685807.677590,145685808.689756,145685808.701312,145685814.967219,145685814.985830,0.000000,0.000000,0.000000
145685815.290793,145685834.354701,145685843.666089,145685844.647164,145685863.690664,145685864.973089,145685866.176664,145685867.805423,145685868.839182,145685869.895127,145685869.907941,145685876.174330,145685876.190515,0.000000,0.000000,0.000000
145685876.493941,145685895.606034,145685904.938052,145685905.921256,145685925.095164,145685926.432108,145685927.987886,145685929.634015,145685930.670367,145685931.683682,145685931.696386,145685937.951571,145685937.968941,0.000000,0.000000,0.000000
145685938.237719,145685957.325441,145685966.537589,145685967.565238,145685986.555849,145685987.852682,145685989.066312,145685990.706515,145685991.782201,145685992.801163,145685992.811645,145685999.050645,145685999.067941,0.000000,0.000000,0.000000
145685999.343552,145686018.366312,145686027.642052,145686028.628015,145686047.651830,145686048.901941,145686050.103071,145686051.774200,145686052.802960,145686053.813812,145686053.824793,145686060.181571,145686060.199126,0.000000,0.000000,0.000000
145686060.474663,145686080.813126,145686090.077793,145686091.062441,145686110.073700,145686111.319608,145686112.532367,145686114.205608,145686115.242700,145686116.250867,145686116.262200,145686122.535330,145686122.553700,0.000000,0.000000,0.000000
145686122.833793,145686141.958274,145686151.245830,145686152.228774,145686171.234812,145686172.501108,145686173.752774,145686175.397830,145686176.432108,145686177.481274,145686177.492052,145686183.717534,145686183.736663,0.000000,0.000000,0.000000
145686184.012923,145686203.249330,145686212.502941,145686213.485515,145686232.497330,145686233.759163,145686234.972608,145686236.650941,145686237.687367,145686238.698034,145686238.708960,145686244.992089,145686245.012256,0.000000,0.000000,0.000000
145686245.282904,145686264.299886,145686273.586830,145686274.575163,145686293.599626,145686294.871682,145686296.108774,145686297.729589,145686298.756200,145686299.763626,145686299.801719,145686306.090515,145686306.106478,0.000000,0.000000,0.000000
145686306.390052,145686325.620645,145686334.896034,145686335.881515,145686354.896682,145686356.164589,145686357.376997,145686359.055348,145686360.088515,145686361.105071,145686361.114774,145686367.322793,145686367.341571,0.000000,0.000000,0.000000
145686367.622052,145686386.729608,145686396.028793,145686397.011552,145686416.033626,145686417.372793,145686418.649219,145686420.387589,145686421.475330,145686422.549071,145686422.563848,145686430.308108,145686430.332441,0.000000,0.000000,0.000000
145686430.755182,145686453.461719,145686463.261034,145686464.292219,145686483.363774,145686484.656126,145686485.963719,145686487.698422,145686488.782719,145686489.820774,145686489.836885,145686497.790830,145686497.812237,0.000000,0.000000,0.000000
145686498.196367,145686520.909534,145686530.739015,145686531.775348,145686550.829626,145686552.121608,145686553.390348,145686555.162108,145686556.254589,145686557.293015,145686557.307719,145686565.123663,145686565.148589,0.000000,0.000000,0.000000
145686565.544182,145686588.323404,145686598.094978,145686599.166922,145686618.220478,145686619.519830,145686620.790700,145686622.555237,145686623.686811,145686624.726682,145686624.744663,145686632.485070,145686632.549959,0.000000,0.000000,0.000000
145686632.940830,145686655.625830,145686665.424570,145686666.430052,145686685.508459,145686686.839756,145686688.111533,145686689.843719,145686690.933922,145686692.015719,145686692.031348,145686699.695274,145686699.716293,0.000000,0.000000,0.000000
145686700.159793,145686721.102089,145686730.329478,145686731.360589,145686750.340533,145686751.624978,145686752.839182,145686754.488533,145686755.569904,145686756.592107,145686756.603070,145686762.868867,145686762.887256,0.000000,0.000000,0.000000
145686763.164348,145686782.348496,145686791.618848,145686792.602830,145686811.595922,145686812.890274,145686814.144959,145686815.793089,145686816.818904,145686817.836496,145686817.847996,145686824.173904,145686824.192867,0.000000,0.000000,0.000000
145686824.475719,145686843.692144,145686852.961478,145686853.948811,145686873.093644,145686874.492589,145686876.014311,145686877.711996,145686878.740941,145686879.757293,145686879.770718,145686885.993811,145686886.010256,0.000000,0.000000,0.000000
145686886.286330,145686905.500089,145686914.814107,145686915.796848,145686934.784700,145686936.144737,145686937.359996,145686939.017033,145686940.046422,145686941.107607,145686941.118385,145686947.373367,145686947.391589,0.000000,0.000000,0.000000
145686947.675163,145686966.806755,145686976.080978,145686977.068311,145686996.062755,145686997.378793,145686998.591033,145687000.296330,145687001.332367,145687002.350311,145687002.360367,145687008.608237,145687008.626755,0.000000,0.000000,0.000000
145687008.902052,145687027.934274,145687037.235607,145687038.219755,145687057.214496,145687058.563792,145687059.777478,145687061.450700,145687062.486626,145687063.559274,145687063.569218,145687069.807885,145687069.842663,0.000000,0.000000,0.000000
145687070.249144,145687100.562404,145687110.162811,145687111.510070,145687131.466607,145687138.456348,145687139.824496,145687141.826274,145687147.525422,145687152.111385,145687152.126478,145687158.376681,145687158.413459,0.000000,0.000000,0.000000
145687158.703607,145687179.586366,145687189.391885,145687190.791885,145687210.727496,145687217.561811,145687218.946978,145687220.860718,145687226.557755,145687231.176552,145687231.192181,145687237.404015,145687237.440866,0.000000,0.000000,0.000000
145687237.726774,145687258.934144,145687268.615903,145687270.060385,145687289.988348,145687296.813681,145687298.234237,145687300.039089,145687305.823552,145687310.426533,145687310.441052,145687316.658126,145687316.694607,0.000000,0.000000,0.000000
145687316.974477,145687337.454440,145687347.258292,145687348.605681,145687368.555255,145687375.374959,145687376.798126,145687378.650200,145687384.347607,145687388.967070,145687388.982089,145687395.269700,145687395.306755,0.000000,0.000000,0.000000
145687395.575440,145687415.873200,145687426.147366,145687427.575329,145687447.211718,145687449.388237,145687451.427070,145687460.940644,145687462.067496,145687463.133181,145687463.154274,145687477.972477,145687478.049051,0.000000,0.000000,0.000000
145687478.633829,145687507.725403,145687518.492866,145687519.818644,145687539.787014,145687546.596977,145687548.013533,145687549.964292,145687555.639237,145687560.216792,145687560.233737,145687566.445737,145687568.531125,0.000000,0.000000,0.000000
145687568.874755,145687590.293644,145687599.688774,145687600.893144,145687620.361903,145687622.228051,145687623.802718,145687631.506922,145687632.705459,145687633.923940,145687633.976459,145687645.794162,145687645.851996,0.000000,0.000000,0.000000
145687646.209329,145687677.183607,145687687.004662,145687688.520570,145687708.368533,145687715.249014,145687716.623811,145687718.556903,145687724.285014,145687728.886181,145687728.902792,145687735.133070,145687735.251885,0.000000,0.000000,0.000000
145687735.527070,145687758.527736,145687767.979792,145687769.496940,145687789.375699,145687796.199218,145687797.615366,145687799.428088,145687805.234070,145687809.826236,145687809.843292,145687816.088699,145687816.122718,0.000000,0.000000,0.000000
145687816.485829,145687836.897699,145687846.647088,145687847.653014,145687867.060718,145687868.808162,145687870.692662,145687878.599607,145687879.759792,145687880.925644,145687880.949903,145687891.644848,145687891.680644,0.000000,0.000000,0.000000
145687891.992385,145687913.542773,145687924.537977,145687926.520959,145687945.790440,145687952.608107,145687954.022329,145687955.892199,145687961.587107,145687966.208736,145687966.225829,145687972.561459,145687972.580903,0.000000,0.000000,0.000000
145687972.865792,145687992.137218,145688001.464792,145688002.444977,145688021.367033,145688022.752718,145688023.965033,145688025.678107,145688026.710496,145688027.772996,145688027.784440,145688034.007847,145688034.046310,0.000000,0.000000,0.000000
145688034.369440,145688056.231699,145688065.851403,145688067.399440,145688087.178366,145688094.034940,145688095.407570,145688097.342588,145688103.135051,145688107.720533,145688107.738681,145688114.024718,145688114.062421,0.000000,0.000000,0.000000
145688114.335551,145688134.835866,145688144.516329,145688145.637977,145688165.528884,145688167.249107,145688174.092718,145688176.121977,145688177.196403,145688182.881384,145688182.906996,145688191.051255,145688191.087070,0.000000,0.000000,0.000000
145688191.371033,145688212.080681,145688221.931440,145688223.230940,145688243.312199,145688251.815199,145688253.381144,145688255.465977,145688262.775162,145688268.809366,145688268.831773,145688276.592792,145688276.638329,0.000000,0.000000,0.000000
145688277.074032,145688304.035218,145688315.493310,145688315.547588,145688335.058532,145688337.267495,145688339.043810,145688348.544810,145688350.142514,145688351.417532,145688351.480051,145688367.370032,145688367.723069,0.000000,0.000000,0.000000
145688368.976181,145688405.066958,145688416.263958,145688418.122810,145688437.966773,145688446.591995,145688448.176551,145688450.203866,145688457.583773,145688463.530329,145688463.552606,145688471.401162,145688471.694514,0.000000,0.000000,0.000000
145688472.862995,145688497.497884,145688510.179032,145688510.218292,145688529.698069,145688538.340699,145688539.848180,145688541.951736,145688549.196921,145688555.256866,145688555.281477,145688563.117569,145688563.164829,0.000000,0.000000,0.000000
145688564.298958,145688598.688717,145688608.551884,145688617.379625,145688642.392866,145688648.884773,145688650.141847,145688652.016384,145688653.094977,145688654.171106,145688654.192217,145688661.946236,145688662.193606,0.000000,0.000000,0.000000
145688662.598125,145688686.997699,145688697.559069,145688699.487940,145688718.819106,145688727.660754,145688729.181958,145688731.472051,145688738.874736,145688744.794495,145688744.816773,145688752.613477,145688752.660588,0.000000,0.000000,0.000000
145688755.790958,145688780.587588,145688791.150291,145688792.996921,145688811.886514,145688820.709440,145688822.243051,145688824.356847,145688831.663199,145688837.644347,145688837.666736,145688845.526773,145688845.774143,0.000000,0.000000,0.000000
145688846.180754,145688870.575569,145688881.008458,145688882.127458,145688901.448532,145688903.702051,145688912.872440,145688915.221477,145688916.377477,145688923.811588,145688923.849421,145688934.330717,145688934.494180,0.000000,0.000000,0.000000
145688934.915273,145688960.577069,145688971.141273,145688972.821958,145688992.084236,145689001.036106,145689002.531162,145689004.643365,145689011.961199,145689017.837217,145689017.858995,145689025.671514,145689025.893828,0.000000,0.000000,0.000000
145689026.280495,145689050.492532,145689060.993680,145689062.344291,145689081.028013,145689088.264569,145689089.672125,145689091.667069,145689097.362643,145689102.063476,145689102.079773,145689108.323699,145689108.359162,0.000000,0.000000,0.000000
145689108.690551,145689129.982532,145689139.964199,145689141.477217,145689160.152013,145689167.418476,145689168.793050,145689170.683773,145689176.384513,145689181.005939,145689181.022884,145689187.286402,145689187.321791,0.000000,0.000000,0.000000
145689187.683625,145689208.407884,145689218.370643,145689219.887495,145689238.592162,145689245.790606,145689247.157217,145689249.166199,145689254.940254,145689259.585717,145689259.603162,145689265.893606,145689265.927402,0.000000,0.000000,0.000000
145689266.251032,145689291.888439,145689301.784347,145689303.475421,145689322.350921,145689329.508587,145689330.875865,145689332.855828,145689338.703180,145689343.330513,145689343.347513,145689349.613032,145689349.647884,0.000000,0.000000,0.000000
145689349.993476,145689377.371013,145689387.531754,145689388.874643,145689413.083143,145689419.361198,145689424.152865,145689425.891310,145689426.964606,145689428.010513,145689428.026495,145689434.365180,145689434.499198,0.000000,0.000000,0.000000
145689434.771735,145689455.381513,145689465.347995,145689466.970606,145689486.344680,145689493.389902,145689494.757106,145689496.705161,145689502.484532,145689507.070347,145689507.086847,145689513.476921,145689513.618680,0.000000,0.000000,0.000000
145689513.907087,145689535.039680,145689545.238550,145689546.581847,145689566.258995,145689573.115902,145689574.518921,145689576.422754,145689582.122754,145689586.800902,145689586.818735,145689593.134384,145689593.168698,0.000000,0.000000,0.000000
145689593.470995,145689612.910291,145689623.010050,145689624.000884,145689643.183809,145689645.098365,145689646.636346,145689654.243254,145689655.398532,145689656.500717,145689656.526643,145689666.601550,145689666.721865,0.000000,0.000000,0.000000
145689667.036569,145689687.853198,145689697.784421,145689698.741643,145689718.098680,145689719.834476,145689721.421976,145689728.902328,145689730.121772,145689731.195106,145689731.221921,145689743.576458,145689743.778309,0.000000,0.000000,0.000000
145689744.238439,145689770.458661,145689781.230458,145689783.125013,145689803.118457,145689812.406754,145689814.072772,145689816.244902,145689824.375550,145689830.846495,145689830.872495,145689839.146013,145689839.457161,0.000000,0.000000,0.000000
145689839.891754,145689865.692661,145689876.200902,145689878.019124,145689897.911939,145689906.524309,145689908.029643,145689910.223902,145689917.590124,145689923.477735,145689923.502106,145689931.759569,145689931.925309,0.000000,0.000000,0.000000
145689932.336198,145689956.858291,145689967.463013,145689968.481272,145689987.858161,145689990.046050,145689991.753846,145690001.275828,145690002.724050,145690003.882865,145690003.917920,145690017.738476,145690017.925606,0.000000,0.000000,0.000000
145690018.342680,145690042.928420,145690054.429494,145690055.730383,145690075.468328,145690082.363383,145690083.852013,145690085.762254,145690091.394791,145690095.951828,145690095.968883,145690102.258865,145690102.294494,0.000000,0.000000,0.000000
145690102.605735,145690125.286920,145690135.168828,145690136.263809,145690155.807013,145690157.563957,145690164.297846,145690166.309383,145690167.457402,145690173.077883,145690173.103642,145690181.046217,145690181.082013,0.000000,0.000000,0.000000
145690181.402846,145690205.041902,145690214.610976,145690215.981365,145690235.627050,145690242.453661,145690243.848605,145690245.702661,145690251.372087,145690255.893013,145690255.908809,145690262.206365,145690262.321346,0.000000,0.000000,0.000000
145690262.609179,145690283.422087,145690293.383754,145690294.668494,145690314.203309,145690321.067198,145690322.463642,145690324.303698,145690329.934642,145690334.513013,145690334.530661,145690340.894198,145690341.008920,0.000000,0.000000,0.000000
145690341.283679,145690361.850365,145690371.870957,145690373.152624,145690392.666050,145690399.560105,145690401.107661,145690402.958828,145690408.580661,145690413.140790,145690413.157068,145690419.359790,145690419.491679,0.000000,0.000000,0.000000
145690419.761031,145690442.349902,145690452.246050,145690453.560624,145690472.800735,145690479.772161,145690481.165179,145690483.008864,145690488.769087,145690493.280142,145690493.296550,145690499.554290,145690499.588716,0.000000,0.000000,0.000000
145690499.858772,145690520.260994,145690530.223364,145690531.534494,145690550.721439,145690557.681105,145690559.066346,145690560.923772,145690566.548698,145690571.205031,145690571.220976,145690577.511531,145690577.547420,0.000000,0.000000,0.000000
145690577.866716,145690598.393957,145690608.256716,145690609.589068,145690628.756753,145690635.773050,145690637.112309,145690638.941661,145690644.578476,145690649.164994,145690649.180513,145690655.881142,145690655.914698,0.000000,0.000000,0.000000
145690656.185476,145690676.880235,145690686.750531,145690687.843531,145690706.688827,145690708.707013,145690715.445513,145690717.678087,145690718.680753,145690724.309661,145690724.334438,145690732.252198,145690732.286864,0.000000,0.000000,0.000000
145690732.553661,145690761.611531,145690771.861050,145690773.441494,145690793.065920,145690802.433605,145690804.046383,145690806.164568,145690814.173568,145690820.774994,145690820.798994,145690829.147327,145690829.198457,0.000000,0.000000,0.000000
145690829.674790,145690855.664124,145690867.392383,145690867.611605,145690887.271846,145690889.666438,145690899.568790,145690902.095531,145690903.408290,145690911.365124,145690911.405586,145690922.836568,145690926.852198,0.000000,0.000000,0.000000
145690927.346475,145690955.655105,145690965.094679,145690967.347401,145690985.713309,145690987.639420,145690989.482309,145690997.262790,145690998.550012,145691000.147920,145691000.200623,145691011.225827,145691011.273660,0.000000,0.000000,0.000000
145691011.600549,145691041.991142,145691051.827660,145691053.116142,145691072.952920,145691079.768679,145691081.179901,145691082.962975,145691088.726549,145691093.231179,145691093.247957,145691099.456068,145691099.490531,0.000000,0.000000,0.000000
145691099.840735,145691121.965716,145691131.669994,145691133.074438,145691152.970401,145691159.710697,145691161.082179,145691162.891216,145691168.598457,145691173.129420,145691173.147049,145691179.436790,145691179.475123,0.000000,0.000000,0.000000
145691179.768197,145691200.780734,145691210.168253,145691211.173605,145691230.589475,145691233.424031,145691234.175123,145691241.470660,145691242.695994,145691243.772086,145691243.793827,145691253.977771,145691254.095623,0.000000,0.000000,0.000000
145691254.381253,145691274.967938,145691284.646012,145691286.130253,145691306.085920,145691312.746790,145691314.116197,145691315.961253,145691321.694160,145691326.199864,145691326.216327,145691332.516920,145691332.631771,0.000000,0.000000,0.000000
145691332.913586,145691354.684771,145691364.781327,145691366.184382,145691386.103253,145691392.774401,145691394.193716,145691396.000049,145691401.677049,145691406.200920,145691406.217660,145691412.478827,145691412.593420,0.000000,0.000000,0.000000
145691412.883994,145691435.721994,145691445.218105,145691446.520790,145691466.576457,145691473.259568,145691474.624864,145691476.433382,145691482.127327,145691486.696901,145691486.761586,145691493.049938,145691493.084753,0.000000,0.000000,0.000000
145691493.417290,145691513.428049,145691523.540938,145691524.424068,145691543.847401,145691545.467031,145691547.201493,145691554.555345,145691555.738031,145691556.796901,145691556.822179,145691566.787160,145691566.807160,0.000000,0.000000,0.000000
145691567.075642,145691586.644753,145691595.931808,145691596.913790,145691615.918919,145691617.181660,145691618.394456,145691620.069364,145691621.102956,145691622.115271,145691622.126512,145691628.372308,145691628.391179,0.000000,0.000000,0.000000
145691628.699382,145691647.615160,145691656.960864,145691657.919901,145691677.053308,145691678.384734,145691679.689734,145691681.502734,145691682.644642,145691683.671456,145691683.693290,145691692.064216,145691692.088327,0.000000,0.000000,0.000000
145691692.585049,145691716.827827,145691726.853512,145691727.903401,145691746.966290,145691748.252364,145691749.512160,145691751.336716,145691752.451216,145691753.479901,145691753.496790,145691761.932253,145691761.959530,0.000000,0.000000,0.000000
145691762.394456,145691785.148123,145691795.018623,145691796.071808,145691815.151197,145691816.408382,145691817.681716,145691819.399604,145691820.538697,145691821.550827,145691821.565641,145691829.372567,145691829.397067,0.000000,0.000000,0.000000
145691829.792067,145691854.055123,145691864.440178,145691864.814327,145691883.970567,145691885.300956,145691886.820567,145691888.489401,145691889.520141,145691890.521475,145691890.537197,145691896.880716,145691896.898067,0.000000,0.000000,0.000000
145691897.165901,145691919.006141,145691928.339401,145691929.320956,145691948.323234,145691949.572586,145691950.786012,145691952.462882,145691953.492123,145691954.498364,145691954.509160,145691960.859327,145691960.877827,0.000000,0.000000,0.000000
145691961.161030,145691980.230327,145691989.553456,145691990.537327,145692009.587752,145692010.877438,145692012.089086,145692013.738234,145692014.767030,145692015.813623,145692015.824345,145692022.129104,145692022.147623,0.000000,0.000000,0.000000
145692022.428901,145692041.616067,145692050.938382,145692051.923067,145692070.928771,145692072.174845,145692073.390993,145692075.066678,145692076.097901,145692077.095678,145692077.106993,145692083.393641,145692083.409864,0.000000,0.000000,0.000000
145692083.696289,145692102.933030,145692112.262012,145692113.290067,145692132.300771,145692133.567289,145692134.778049,145692136.414826,145692137.449789,145692138.493308,145692138.504734,145692144.796864,145692144.815549,0.000000,0.000000,0.000000
145692145.089030,145692164.622363,145692173.950771,145692174.933993,145692193.958771,145692195.212382,145692196.464678,145692198.112456,145692199.138104,145692200.140438,145692200.151475,145692206.447901,145692206.466308,0.000000,0.000000,0.000000
145692206.745530,145692225.924975,145692235.217734,145692236.240752,145692255.292475,145692256.504604,145692257.715475,145692259.338160,145692260.418049,145692261.419956,145692261.436030,145692267.648530,145692267.666400,0.000000,0.000000,0.000000
145692267.944697,145692287.191623,145692296.512086,145692297.492956,145692316.538049,145692317.778937,145692319.027400,145692320.650049,145692321.684234,145692322.682475,145692322.693326,145692328.991363,145692329.009752,0.000000,0.000000,0.000000
145692329.287900,145692348.502419,145692357.781993,145692358.769474,145692377.788178,145692379.024678,145692380.238567,145692381.860363,145692382.921771,145692383.920900,145692383.931234,145692390.218363,145692390.236678,0.000000,0.000000,0.000000
145692390.517715,145692409.657400,145692418.989400,145692419.968067,145692438.987660,145692440.224678,145692441.479160,145692443.102345,145692444.133345,145692445.133826,145692445.143956,145692451.459289,145692451.478123,0.000000,0.000000,0.000000
145692451.758882,145692470.943697,145692480.273030,145692481.255660,145692500.256308,145692501.497734,145692502.708808,145692504.331937,145692505.404586,145692506.400586,145692506.412678,145692512.739826,145692512.756067,0.000000,0.000000,0.000000
145692513.038215,145692532.184234,145692541.498067,145692542.477085,145692561.485530,145692562.710585,145692563.966789,145692565.675215,145692566.614067,145692567.634326,145692567.649104,145692575.578585,145692575.602289,0.000000,0.000000,0.000000
145692576.001530,145692598.932400,145692608.701122,145692609.730419,145692628.809641,145692630.092974,145692631.316604,145692633.039085,145692634.119197,145692635.145567,145692635.162234,145692643.064511,145692643.090141,0.000000,0.000000,0.000000
145692643.501252,145692674.940734,145692684.771734,145692685.852437,145692704.935048,145692706.216048,145692707.483067,145692709.198271,145692710.333141,145692711.345122,145692711.362011,145692719.046567,145692719.067567,0.000000,0.000000,0.000000
145692719.472141,145692742.989122,145692752.810326,145692755.112271,145692773.626641,145692774.368641,145692775.732937,145692777.475882,145692778.685548,145692779.894456,145692779.915604,145692790.161956,145692790.193548,0.000000,0.000000,0.000000
145692797.059919,145692826.172771,145692836.757178,145692838.162122,145692857.913215,145692859.833511,145692861.952178,145692870.739993,145692872.330530,145692873.548900,145692873.575882,145692889.224456,145692889.248178,0.000000,0.000000,0.000000
145692901.089233,145692929.364382,145692939.208067,145692940.316585,145692960.754493,145692962.089882,145692963.493326,145692966.786882,145692969.767159,145692970.776048,145692970.855344,145692978.633270,145692978.658678,0.000000,0.000000,0.000000
145692979.217048,145692997.515919,145693006.827141,145693007.808604,145693026.850789,145693028.060974,145693029.309530,145693030.934863,145693031.965937,145693032.961456,145693032.974789,145693039.272622,145693039.292030,0.000000,0.000000,0.000000
145693039.602678,145693057.964104,145693067.243622,145693068.269344,145693070.728919,145693073.666696,145693074.875085,145693076.950400,145693078.024456,145693079.023030,145693079.033881,145693085.312752,145693085.328474,0.000000,0.000000,0.000000
145693085.632974,145693103.878363,145693113.209993,145693114.190493,145693133.201344,145693134.427085,145693135.638122,145693137.301789,145693138.330567,145693139.328104,145693139.339270,145693145.678270,145693145.697567,0.000000,0.000000,0.000000
145693145.999974,145693164.217289,145693173.545400,145693174.523270,145693193.547715,145693194.802604,145693196.012604,145693197.636622,145693198.667400,145693199.693585,145693199.703955,145693205.991604,145693206.009752,0.000000,0.000000,0.000000
145693206.313918,145693224.469492,145693233.773233,145693234.754178,145693253.761678,145693254.986048,145693256.196196,145693257.826770,145693258.900863,145693259.898770,145693259.909381,145693266.158844,145693266.176400,0.000000,0.000000,0.000000
145693266.481844,145693284.661141,145693293.978789,145693294.960641,145693313.962418,145693315.186937,145693316.381104,145693318.046752,145693319.074529,145693320.070492,145693320.082474,145693326.338770,145693326.355492,0.000000,0.000000,0.000000
145693326.660252,145693344.750807,145693354.086696,145693355.064492,145693374.070400,145693375.296937,145693376.550900,145693378.165974,145693379.194696,145693380.193752,145693380.204400,145693386.458678,145693386.477641,0.000000,0.000000,0.000000
145693386.780011,145693405.037492,145693414.320289,145693415.348196,145693434.385992,145693435.612270,145693436.825141,145693438.453141,145693439.525881,145693440.523529,145693440.533529,145693446.781733,145693446.800400,0.000000,0.000000,0.000000
145693447.103344,145693465.278881,145693474.757233,145693475.745159,145693494.840400,145693496.083937,145693497.318140,145693499.037900,145693500.112344,145693501.120289,145693501.138029,145693507.768529,145693507.788974,0.000000,0.000000,0.000000
145693508.149289,145693527.780992,145693537.284844,145693538.314696,145693557.349252,145693558.564603,145693559.788900,145693561.448844,145693562.524807,145693563.526955,145693563.544770,145693570.236566,145693570.256659,0.000000,0.000000,0.000000
145693570.583715,145693589.561474,145693599.173714,145693600.229103,145693619.488566,145693620.938622,145693622.190548,145693624.031233,145693625.155566,145693626.173270,145693626.194474,145693637.897733,145693637.933844,0.000000,0.000000,0.000000
145693638.628566,145693691.952233,145693703.234974,145693711.345603,145693736.972659,145693745.823048,145693747.836844,145693750.152900,145693758.799714,145693765.093344,145693765.127603,145693783.962844,145693784.006251,0.000000,0.000000,0.000000
145693784.578918,145693813.259955,145693822.552659,145693823.544881,145693842.563751,145693843.792214,145693845.005844,145693846.667529,145693847.699381,145693848.710585,145693848.723437,145693854.972844,145693854.991955,0.000000,0.000000,0.000000
145693855.307881,145693874.133677,145693883.418640,145693884.408807,145693903.436751,145693904.709122,145693905.923955,145693907.546474,145693908.579622,145693909.629899,145693909.642307,145693915.886918,145693915.903362,0.000000,0.000000,0.000000
145693916.175307,145693934.868937,145693944.183937,145693945.168196,145693964.184825,145693965.411622,145693966.614659,145693968.278881,145693969.322881,145693970.328696,145693970.340325,145693976.585640,145693976.604696,0.000000,0.000000,0.000000
145693976.878548,145693995.659881,145694004.944270,145694005.927307,145694024.933529,145694026.162955,145694027.415955,145694029.034622,145694030.073436,145694031.086659,145694031.096399,145694037.352659,145694037.371288,0.000000,0.000000,0.000000
145694037.638936,145694056.278270,145694065.603955,145694066.580788,145694085.611751,145694086.832177,145694088.044936,145694089.667677,145694090.748659,145694091.761418,145694091.774177,145694098.017955,145694098.034751,0.000000,0.000000,0.000000
145694098.310844,145694117.091362,145694126.377844,145694127.364992,145694146.370344,145694147.599270,145694148.851103,145694150.465659,145694151.502862,145694152.514492,145694152.524918,145694158.814140,145694158.832659,0.000000,0.000000,0.000000
145694159.094085,145694177.675714,145694186.964381,145694187.992344,145694207.021122,145694208.281344,145694209.495566,145694211.116103,145694212.152270,145694213.209140,145694213.219696,145694219.422529,145694219.440566,0.000000,0.000000,0.000000
145694219.707307,145694238.518751,145694247.808862,145694248.791973,145694267.824566,145694269.052325,145694270.267344,145694271.927233,145694272.958955,145694273.970566,145694273.981529,145694280.253640,145694280.272214,0.000000,0.000000,0.000000
145694280.534473,145694299.155992,145694308.437270,145694309.428121,145694328.448492,145694329.677084,145694330.933825,145694332.546159,145694333.579177,145694334.590270,145694334.601251,145694340.903770,145694340.921881,0.000000,0.000000,0.000000
145694341.200955,145694359.872862,145694369.233918,145694370.220121,145694389.240992,145694390.470492,145694391.683270,145694393.298807,145694394.375233,145694395.388788,145694395.399362,145694401.647733,145694401.665936,0.000000,0.000000,0.000000
145694401.933158,145694420.554733,145694429.837325,145694430.821751,145694449.834270,145694451.059288,145694452.319658,145694453.941047,145694454.977770,145694455.987807,145694455.998714,145694462.303566,145694462.321955,0.000000,0.000000,0.000000
145694462.587307,145694480.974881,145694490.293140,145694491.298770,145694510.371788,145694511.650621,145694512.923103,145694514.634695,145694515.715362,145694516.761825,145694516.776973,145694524.558751,145694524.581455,0.000000,0.000000,0.000000
145694524.978955,145694546.386899,145694556.183381,145694557.215195,145694576.285844,145694577.525510,145694578.795844,145694580.566751,145694581.656399,145694582.664047,145694582.677732,145694590.966936,145694590.990584,0.000000,0.000000,0.000000
145694591.391658,145694613.035362,145694623.528066,145694624.555825,145694643.637862,145694645.205918,145694646.182232,145694647.920843,145694649.007103,145694650.042418,145694650.064825,145694658.339473,145694658.365843,0.000000,0.000000,0.000000
145694658.722843,145694681.823436,145694691.785677,145694692.735751,145694711.814121,145694713.007714,145694714.223936,145694715.841010,145694717.019251,145694717.926214,145694717.944251,145694726.567936,145694726.587362,0.000000,0.000000,0.000000
145694726.827640,145694745.979862,145694755.310992,145694756.320436,145694775.376343,145694776.577714,145694777.791547,145694779.406343,145694780.487417,145694781.522232,145694781.538510,145694787.754843,145694787.774047,0.000000,0.000000,0.000000
145694788.022843,145694809.137992,145694818.590640,145694819.627177,145694838.750325,145694840.035862,145694841.237843,145694842.954029,145694849.904751,145694851.095399,145694851.145492,145694864.860917,145694864.881806,0.000000,0.000000,0.000000
145694865.235492,145694898.352843,145694913.719491,145694925.156714,145694966.596491,145694971.740936,145694973.127140,145694975.101899,145694986.497528,145694999.066825,145694999.089214,145695014.531640,145695014.573954,0.000000,0.000000,0.000000
145695014.978269,145695054.202306,145695065.927954,145695077.785491,145695111.648177,145695123.010899,145695128.385362,145695130.927991,145695133.143158,145695144.405899,145695144.450288,145695160.407473,145695160.458102,0.000000,0.000000,0.000000
145695169.299510,145695210.377195,145695224.144602,145695235.243639,145695269.053436,145695273.923491,145695275.419362,145695277.458251,145695288.600288,145695294.023362,145695294.069417,145695312.764954,145695312.811473,0.000000,0.000000,0.000000
145695313.303010,145695352.212158,145695362.706010,145695367.781176,145695391.674899,145695396.429454,145695397.976658,145695399.914880,145695414.887325,145695421.580510,145695421.622454,145695437.655250,145695437.682787,0.000000,0.000000,0.000000
145695438.087343,145695461.700991,145695471.584843,145695472.624306,145695491.772343,145695493.024454,145695494.316732,145695496.083176,145695497.200028,145695498.204639,145695498.227417,145695506.726102,145695506.751769,0.000000,0.000000,0.000000
145695507.167324,145695530.755806,145695540.700047,145695541.731917,145695560.943713,145695562.206676,145695563.590473,145695565.420102,145695566.504139,145695567.569473,145695567.595195,145695577.911936,145695577.949843,0.000000,0.000000,0.000000
145695578.364176,145695617.338880,145695627.911510,145695633.554787,145695652.647232,145695653.880695,145695658.645658,145695660.292639,145695661.491324,145695662.622028,145695662.637695,145695674.587158,145695674.626010,0.000000,0.000000,0.000000
145695675.047750,145695710.525250,145695728.496435,145695733.463121,145695762.914472,145695767.970676,145695769.361121,145695771.174232,145695782.280565,145695794.689306,145695794.719769,145695808.270509,145695808.299676,0.000000,0.000000,0.000000
145695808.626139,145695840.933621,145695852.550269,145695858.357250,145695891.043361,145695895.817306,145695897.182269,145695898.992083,145695910.261083,145695915.540176,145695915.558602,145695927.228195,145695927.255843,0.000000,0.000000,0.000000
145695945.474269,145695967.851991,145695977.341158,145695978.792065,145695998.556102,145695999.824176,145696001.078880,145696002.699991,145696003.924195,145696004.988046,145696005.011398,145696013.676157,145696013.697546,0.000000,0.000000,0.000000
145696026.291472,145696054.916806,145696066.099120,145696071.757435,145696094.495546,145696095.737361,145696097.082213,145696098.832009,145696099.856250,145696101.034750,145696101.055139,145696112.273120,145696112.300806,0.000000,0.000000,0.000000
145696133.459713,145696162.833491,145696177.334269,145696189.584194,145696222.589361,145696233.873435,145696239.228991,145696241.126120,145696242.252583,145696253.608009,145696253.638213,145696266.795380,145696266.827731,0.000000,0.000000,0.000000
145696267.443009,145696302.991417,145696313.123102,145696327.413954,145696365.617028,145696372.485676,145696373.960583,145696376.036509,145696390.557750,145696397.029565,145696397.058324,145696415.494694,145696415.573898,0.000000,0.000000,0.000000
0.000000,0.000000,0.000000,0.000000,0.000000,0.000000,0.000000,0.000000,0.000000,0.000000,0.000000,0.000000,0.000000,0.000000,0.000000,0.000000
0.000000,0.000000,0.000000,0.000000,0.000000,0.000000,0.000000,0.000000,0.000000,0.000000,0.000000,0.000000,0.000000,0.000000,0.000000,0.000000
0.000000,0.000000,0.000000,0.000000,0.000000,0.000000,0.000000,0.000000,0.000000,0.000000,0.000000,0.000000,0.000000,0.000000,0.000000,0.000000
0.000000,0.000000,0.000000,0.000000,0.000000,0.000000,0.000000,0.000000,0.000000,0.000000,0.000000,0.000000,0.000000,0.000000,0.000000,0.000000
0.000000,0.000000,0.000000,0.000000,0.000000,0.000000,0.000000,0.000000,0.000000,0.000000,0.000000,0.000000,0.000000,0.000000,0.000000,0.000000
0.000000,0.000000,0.000000,0.000000,0.000000,0.000000,0.000000,0.000000,0.000000,0.000000,0.000000,0.000000,0.000000,0.000000,0.000000,0.000000
0.000000,0.000000,0.000000,0.000000,0.000000,0.000000,0.000000,0.000000,0.000000,0.000000,0.000000,0.000000,0.000000,0.000000,0.000000,0.000000
0.000000,0.000000,0.000000,0.000000,0.000000,0.000000,0.000000,0.000000,0.000000,0.000000,0.000000,0.000000,0.000000,0.000000,0.000000,0.000000
0.000000,0.000000,0.000000,0.000000,0.000000,0.000000,0.000000,0.000000,0.000000,0.000000,0.000000,0.000000,0.000000,0.000000,0.000000,0.000000
0.000000,0.000000,0.000000,0.000000,0.000000,0.000000,0.000000,0.000000,0.000000,0.000000,0.000000,0.000000,0.000000,0.000000,0.000000,0.000000
0.000000,0.000000,0.000000,0.000000,0.000000,0.000000,0.000000,0.000000,0.000000,0.000000,0.000000,0.000000,0.000000,0.000000,0.000000,0.000000
0.000000,0.000000,0.000000,0.000000,0.000000,0.000000,0.000000,0.000000,0.000000,0.000000,0.000000,0.000000,0.000000,0.000000,0.000000,0.000000
0.000000,0.000000,0.000000,0.000000,0.000000,0.000000,0.000000,0.000000,0.000000,0.000000,0.000000,0.000000,0.000000,0.000000,0.000000,0.000000
0.000000,0.000000,0.000000,0.000000,0.000000,0.000000,0.000000,0.000000,0.000000,0.000000,0.000000,0.000000,0.000000,0.000000,0.000000,0.000000
0.000000,0.000000,0.000000,0.000000,0.000000,0.000000,0.000000,0.000000,0.000000,0.000000,0.000000,0.000000,0.000000,0.000000,0.000000,0.000000
0.000000,0.000000,0.000000,0.000000,0.000000,0.000000,0.000000,0.000000,0.000000,0.000000,0.000000,0.000000,0.000000,0.000000,0.000000,0.000000
0.000000,0.000000,0.000000,0.000000,0.000000,0.000000,0.000000,0.000000,0.000000,0.000000,0.000000,0.000000,0.000000,0.000000,0.000000,0.000000
0.000000,0.000000,0.000000,0.000000,0.000000,0.000000,0.000000,0.000000,0.000000,0.000000,0.000000,0.000000,0.000000,0.000000,0.000000,0.000000
0.000000,0.000000,0.000000,0.000000,0.000000,0.000000,0.000000,0.000000,0.000000,0.000000,0.000000,0.000000,0.000000,0.000000,0.000000,0.000000
0.000000,0.000000,0.000000,0.000000,0.000000,0.000000,0.000000,0.000000,0.000000,0.000000,0.000000,0.000000,0.000000,0.000000,0.000000,0.000000
0.000000,0.000000,0.000000,0.000000,0.000000,0.000000,0.000000,0.000000,0.000000,0.000000,0.000000,0.000000,0.000000,0.000000,0.000000,0.000000
0.000000,0.000000,0.000000,0.000000,0.000000,0.000000,0.000000,0.000000,0.000000,0.000000,0.000000,0.000000,0.000000,0.000000,0.000000,0.000000
0.000000,0.000000,0.000000,0.000000,0.000000,0.000000,0.000000,0.000000,0.000000,0.000000,0.000000,0.000000,0.000000,0.000000,0.000000,0.000000
0.000000,0.000000,0.000000,0.000000,0.000000,0.000000,0.000000,0.000000,0.000000,0.000000,0.000000,0.000000,0.000000,0.000000,0.000000,0.000000
0.000000,0.000000,0.000000,0.000000,0.000000,0.000000,0.000000,0.000000,0.000000,0.000000,0.000000,0.000000,0.000000,0.000000,0.000000,0.000000
0.000000,0.000000,0.000000,0.000000,0.000000,0.000000,0.000000,0.000000,0.000000,0.000000,0.000000,0.000000,0.000000,0.000000,0.000000,0.000000
0.000000,0.000000,0.000000,0.000000,0.000000,0.000000,0.000000,0.000000,0.000000,0.000000,0.000000,0.000000,0.000000,0.000000,0.000000,0.000000
0.000000,0.000000,0.000000,0.000000,0.000000,0.000000,0.000000,0.000000,0.000000,0.000000,0.000000,0.000000,0.000000,0.000000,0.000000,0.000000
0.000000,0.000000,0.000000,0.000000,0.000000,0.000000,0.000000,0.000000,0.000000,0.000000,0.000000,0.000000,0.000000,0.000000,0.000000,0.000000
0.000000,0.000000,0.000000,0.000000,0.000000,0.000000,0.000000,0.000000,0.000000,0.000000,0.000000,0.000000,0.000000,0.000000,0.000000,0.000000
0.000000,0.000000,0.000000,0.000000,0.000000,0.000000,0.000000,0.000000,0.000000,0.000000,0.000000,0.000000,0.000000,0.000000,0.000000,0.000000
0.000000,0.000000,0.000000,0.000000,0.000000,0.000000,0.000000,0.000000,0.000000,0.000000,0.000000,0.000000,0.000000,0.000000,0.000000,0.000000
0.000000,0.000000,0.000000,0.000000,0.000000,0.000000,0.000000,0.000000,0.000000,0.000000,0.000000,0.000000,0.000000,0.000000,0.000000,0.000000
0.000000,0.000000,0.000000,0.000000,0.000000,0.000000,0.000000,0.000000,0.000000,0.000000,0.000000,0.000000,0.000000,0.000000,0.000000,0.000000
0.000000,0.000000,0.000000,0.000000,0.000000,0.000000,0.000000,0.000000,0.000000,0.000000,0.000000,0.000000,0.000000,0.000000,0.000000,0.000000
0.000000,0.000000,0.000000,0.000000,0.000000,0.000000,0.000000,0.000000,0.000000,0.000000,0.000000,0.000000,0.000000,0.000000,0.000000,0.000000
0.000000,0.000000,0.000000,0.000000,0.000000,0.000000,0.000000,0.000000,0.000000,0.000000,0.000000,0.000000,0.000000,0.000000,0.000000,0.000000
0.000000,0.000000,0.000000,0.000000,0.000000,0.000000,0.000000,0.000000,0.000000,0.000000,0.000000,0.000000,0.000000,0.000000,0.000000,0.000000
